Reading data...

7.69597770925e+12
7.58204606465e+12
7.48892406004e+12
7.41118907122e+12
7.3448597044e+12
7.28701280468e+12
7.2355021744e+12
7.18875200105e+12
7.14560516067e+12
7.10521182672e+12
7.066947682e+12
7.03035387169e+12
6.9950929232e+12
6.96091639087e+12
6.92764111048e+12
6.89513177521e+12
6.86328815266e+12
6.83203570881e+12
6.80131873268e+12
6.77109529614e+12
6.74133356041e+12
6.71200907039e+12
6.6831027736e+12
6.65459957035e+12
6.62648725345e+12
6.59875573322e+12
6.57139647158e+12
6.54440206911e+12
6.51776596412e+12
6.4914822136e+12
6.46554533391e+12
6.43995018528e+12
6.41469188796e+12
6.38976576175e+12
6.36516728224e+12
6.34089204941e+12
6.31693576506e+12
6.29329421659e+12
6.26996326552e+12
6.24693883922e+12
6.22421692513e+12
6.20179356652e+12
6.17966485963e+12
6.15782695145e+12
6.13627603828e+12
6.11500836455e+12
6.094020222e+12
6.07330794894e+12
6.05286792979e+12
6.0326965945e+12
6.0127904182e+12
5.99314592068e+12
5.97375966607e+12
5.95462826238e+12
5.93574836111e+12
5.91711665678e+12
5.89872988656e+12
5.88058482982e+12
5.86267830762e+12
5.84500718235e+12
5.82756835719e+12
5.8103587757e+12
5.79337542133e+12
5.77661531693e+12
5.76007552432e+12
5.74375314379e+12
5.72764531363e+12
5.71174920967e+12
5.6960620448e+12
5.68058106851e+12
5.66530356643e+12
5.65022685986e+12
5.63534830532e+12
5.62066529412e+12
5.60617525185e+12
5.591875638e+12
5.57776394549e+12
5.56383770025e+12
5.55009446077e+12
5.53653181769e+12
5.52314739339e+12
5.50993884155e+12
5.49690384676e+12
5.4840401241e+12
5.47134541874e+12
5.45881750559e+12
5.44645418882e+12
5.43425330158e+12
5.42221270553e+12
5.41033029052e+12
5.39860397418e+12
5.38703170161e+12
5.37561144497e+12
5.36434120311e+12
5.35321900129e+12
5.34224289076e+12
5.33141094846e+12
5.32072127666e+12
5.31017200264e+12
5.29976127835e+12
5.2894872801e+12
5.27934820821e+12
5.26934228673e+12
5.25946776311e+12
5.24972290787e+12
5.24010601434e+12
5.23061539833e+12
5.22124939783e+12
5.21200637275e+12
5.20288470459e+12
5.19388279618e+12
5.18499907139e+12
5.17623197486e+12
5.16757997173e+12
5.15904154735e+12
5.15061520703e+12
5.14229947578e+12
5.13409289802e+12
5.12599403737e+12
5.11800147637e+12
5.11011381623e+12
5.10232967659e+12
5.09464769527e+12
5.08706652805e+12
5.0795848484e+12
5.07220134729e+12
5.06491473291e+12
5.05772373048e+12
5.05062708202e+12
5.04362354612e+12
5.03671189771e+12
5.02989092788e+12
5.02315944363e+12
5.01651626768e+12
5.00996023826e+12
5.00349020891e+12
4.99710504825e+12
4.99080363984e+12
4.98458488192e+12
4.97844768724e+12
4.9723909829e+12
4.9664137101e+12
4.96051482401e+12
4.95469329355e+12
4.94894810124e+12
4.94327824298e+12
4.9376827279e+12
4.9321605782e+12
4.92671082893e+12
4.92133252789e+12
4.91602473537e+12
4.91078652409e+12
4.90561697896e+12
4.90051519692e+12
4.89548028685e+12
4.89051136933e+12
4.88560757655e+12
4.8807680521e+12
4.87599195087e+12
4.87127843889e+12
4.86662669315e+12
4.86203590149e+12
4.85750526244e+12
4.85303398511e+12
4.84862128898e+12
4.84426640386e+12
4.83996856967e+12
4.83572703635e+12
4.83154106372e+12
4.82740992134e+12
4.82333288839e+12
4.81930925356e+12
4.81533831489e+12
4.81141937966e+12
4.80755176428e+12
4.80373479417e+12
4.79996780362e+12
4.7962501357e+12
4.7925811421e+12
4.78896018308e+12
4.78538662732e+12
4.7818598518e+12
4.7783792417e+12
4.77494419031e+12
4.7715540989e+12
4.76820837663e+12
4.76490644044e+12
4.76164771493e+12
4.7584316323e+12
4.75525763221e+12
4.7521251617e+12
4.74903367509e+12
4.7459826339e+12
4.74297150671e+12
4.73999976911e+12
4.73706690362e+12
4.73417239953e+12
4.73131575287e+12
4.72849646632e+12
4.72571404909e+12
4.72296801685e+12
4.72025789166e+12
4.71758320186e+12
4.714943482e+12
4.71233827276e+12
4.70976712087e+12
4.70722957902e+12
4.70472520578e+12
4.70225356555e+12
4.69981422846e+12
4.69740677029e+12
4.69503077239e+12
4.69268582166e+12
4.69037151041e+12
4.68808743631e+12
4.68583320235e+12
4.68360841671e+12
4.68141269277e+12
4.67924564897e+12
4.67710690877e+12
4.6749961006e+12
4.67291285778e+12
4.67085681844e+12
4.66882762549e+12
4.66682492652e+12
4.66484837379e+12
4.66289762409e+12
4.66097233876e+12
4.6590721836e+12
4.65719682878e+12
4.65534594884e+12
4.65351922258e+12
4.65171633303e+12
4.64993696741e+12
4.64818081703e+12
4.64644757728e+12
4.64473694755e+12
4.64304863117e+12
4.64138233542e+12
4.63973777137e+12
4.63811465395e+12
4.63651270179e+12
4.63493163725e+12
4.63337118634e+12
4.63183107868e+12
4.63031104742e+12
4.62881082925e+12
4.62733016431e+12
4.62586879616e+12
4.62442647174e+12
4.62300294131e+12
4.62159795842e+12
4.62021127985e+12
4.6188426656e+12
4.61749187881e+12
4.61615868574e+12
4.61484285574e+12
4.61354416116e+12
4.61226237737e+12
4.6109972827e+12
4.60974865836e+12
4.60851628848e+12
4.60729996e+12
4.60609946267e+12
4.60491458901e+12
4.60374513426e+12
4.60259089636e+12
4.60145167591e+12
4.60032727612e+12
4.59921750279e+12
4.59812216429e+12
4.59704107148e+12
4.59597403774e+12
4.59492087887e+12
4.59388141313e+12
4.59285546113e+12
4.59184284586e+12
4.59084339265e+12
4.58985692909e+12
4.58888328508e+12
4.58792229271e+12
4.58697378631e+12
4.58603760238e+12
4.58511357957e+12
4.58420155864e+12
4.58330138245e+12
4.58241289594e+12
4.58153594607e+12
4.58067038181e+12
4.57981605413e+12
4.57897281594e+12
4.5781405221e+12
4.57731902937e+12
4.57650819639e+12
4.57570788367e+12
4.57491795353e+12
4.57413827012e+12
4.57336869937e+12
4.57260910897e+12
4.57185936834e+12
4.57111934864e+12
4.57038892269e+12
4.569667965e+12
4.56895635173e+12
4.56825396067e+12
4.5675606712e+12
4.5668763643e+12
4.56620092251e+12
4.56553422989e+12
4.56487617206e+12
4.56422663613e+12
4.56358551067e+12
4.56295268575e+12
4.56232805286e+12
4.56171150492e+12
4.56110293625e+12
4.56050224257e+12
4.55990932098e+12
4.55932406989e+12
4.55874638909e+12
4.55817617965e+12
4.55761334397e+12
4.55705778572e+12
4.55650940981e+12
4.55596812244e+12
4.55543383101e+12
4.55490644415e+12
4.55438587169e+12
4.55387202464e+12
4.55336481518e+12
4.55286415663e+12
4.55236996348e+12
4.55188215131e+12
4.55140063682e+12
4.5509253378e+12
4.55045617314e+12
4.54999306276e+12
4.54953592765e+12
4.54908468984e+12
4.54863927237e+12
4.54819959931e+12
4.54776559571e+12
4.5473371876e+12
4.54691430201e+12
4.54649686688e+12
4.54608481113e+12
4.54567806461e+12
4.54527655808e+12
4.54488022322e+12
4.54448899259e+12
4.54410279964e+12
4.54372157871e+12
4.54334526498e+12
4.54297379449e+12
4.54260710411e+12
4.54224513155e+12
4.54188781533e+12
4.54153509479e+12
4.54118691004e+12
4.54084320199e+12
4.54050391233e+12
4.5401689835e+12
4.53983835871e+12
4.5395119819e+12
4.53918979776e+12
4.5388717517e+12
4.53855778983e+12
4.53824785899e+12
4.53794190671e+12
4.53763988119e+12
4.53734173134e+12
4.53704740671e+12
4.53675685753e+12
4.53647003467e+12
4.53618688966e+12
4.53590737465e+12
4.53563144241e+12
4.53535904637e+12
4.53509014051e+12
4.53482467947e+12
4.53456261844e+12
4.53430391322e+12
4.53404852019e+12
4.53379639629e+12
4.53354749903e+12
4.53330178649e+12
4.53305921726e+12
4.53281975052e+12
4.53258334594e+12
4.53234996377e+12
4.53211956472e+12
4.53189211007e+12
4.53166756157e+12
4.53144588149e+12
4.53122703257e+12
4.53101097808e+12
4.53079768172e+12
4.53058710771e+12
4.53037922071e+12
4.53017398586e+12
4.52997136873e+12
4.52977133538e+12
4.52957385228e+12
4.52937888635e+12
4.52918640495e+12
4.52899637586e+12
4.52880876728e+12
4.52862354783e+12
4.52844068654e+12
4.52826015285e+12
4.52808191658e+12
4.52790594797e+12
4.52773221763e+12
4.52756069658e+12
4.52739135618e+12
4.52722416819e+12
4.52705910474e+12
4.52689613832e+12
4.52673524178e+12
4.52657638832e+12
4.5264195515e+12
4.52626470521e+12
4.5261118237e+12
4.52596088155e+12
4.52581185366e+12
4.52566471527e+12
4.52551944195e+12
4.52537600957e+12
4.52523439434e+12
4.52509457275e+12
4.52495652162e+12
4.52482021807e+12
4.52468563952e+12
4.52455276367e+12
4.52442156852e+12
4.52429203237e+12
4.52416413379e+12
4.52403785163e+12
4.52391316502e+12
4.52379005335e+12
4.5236684963e+12
4.52354847381e+12
4.52342996607e+12
4.52331295353e+12
4.52319741691e+12
4.52308333716e+12
4.52297069551e+12
4.5228594734e+12
4.52274965253e+12
4.52264121485e+12
4.52253414251e+12
4.52242841793e+12
4.52232402374e+12
4.5222209428e+12
4.52211915819e+12
4.52201865323e+12
4.52191941142e+12
4.52182141652e+12
4.52172465246e+12
4.52162910341e+12
4.52153475373e+12
4.52144158799e+12
4.52134959096e+12
4.52125874761e+12
4.5211690431e+12
4.52108046279e+12
4.52099299223e+12
4.52090661716e+12
4.52082132349e+12
4.52073709733e+12
4.52065392497e+12
4.52057179287e+12
4.52049068768e+12
4.52041059621e+12
4.52033150544e+12
4.52025340254e+12
4.52017627482e+12
4.52010010978e+12
4.52002489507e+12
4.51995061849e+12
4.51987726802e+12
4.51980483179e+12
4.51973329807e+12
4.51966265531e+12
4.51959289208e+12
4.51952399712e+12
4.5194559593e+12
4.51938876765e+12
4.51932241135e+12
4.51925687968e+12
4.51919216211e+12
4.51912824822e+12
4.51906512771e+12
4.51900279046e+12
4.51894122643e+12
4.51888042575e+12
4.51882037865e+12
4.51876107552e+12
4.51870250683e+12
4.51864466322e+12
4.51858753541e+12
4.51853111428e+12
4.51847539079e+12
4.51842035605e+12
4.51836600126e+12
4.51831231776e+12
4.51825929698e+12
4.51820693046e+12
4.51815520988e+12
4.51810412698e+12
4.51805367366e+12
4.51800384189e+12
4.51795462374e+12
4.51790601141e+12
4.51785799719e+12
4.51781057346e+12
4.5177637327e+12
4.5177174675e+12
4.51767177055e+12
4.5176266346e+12
4.51758205254e+12
4.51753801732e+12
4.51749452199e+12
4.51745155969e+12
4.51740912366e+12
4.5173672072e+12
4.51732580374e+12
4.51728490675e+12
4.5172445098e+12
4.51720460656e+12
4.51716519077e+12
4.51712625624e+12
4.51708779688e+12
4.51704980666e+12
4.51701227964e+12
4.51697520996e+12
4.51693859181e+12
4.5169024195e+12
4.51686668737e+12
4.51683138986e+12
4.51679652146e+12
4.51676207676e+12
4.5167280504e+12
4.51669443709e+12
4.51666123161e+12
4.51662842881e+12
4.51659602361e+12
4.51656401099e+12
4.51653238599e+12
4.51650114372e+12
4.51647027936e+12
4.51643978814e+12
4.51640966536e+12
4.51637990637e+12
4.51635050659e+12
4.5163214615e+12
4.51629276663e+12
4.51626441758e+12
4.51623640999e+12
4.51620873957e+12
4.51618140207e+12
4.51615439332e+12
4.51612770918e+12
4.51610134557e+12
4.51607529847e+12
4.51604956391e+12
4.51602413795e+12
4.51599901673e+12
4.51597419643e+12
4.51594967327e+12
4.51592544354e+12
4.51590150354e+12
4.51587784965e+12
4.5158544783e+12
4.51583138593e+12
4.51580856907e+12
4.51578602426e+12
4.5157637481e+12
4.51574173723e+12
4.51571998835e+12
4.51569849816e+12
4.51567726346e+12
4.51565628103e+12
4.51563554774e+12
4.51561506048e+12
4.51559481618e+12
4.51557481181e+12
4.51555504438e+12
4.51553551094e+12
4.51551620857e+12
4.5154971344e+12
4.51547828559e+12
4.51545965934e+12
4.51544125287e+12
4.51542306346e+12
4.5154050884e+12
4.51538732504e+12
4.51536977075e+12
4.51535242293e+12
4.51533527902e+12
4.5153183365e+12
4.51530159285e+12
4.51528504563e+12
4.5152686924e+12
4.51525253075e+12
4.51523655831e+12
4.51522077275e+12
4.51520517175e+12
4.51518975303e+12
4.51517451433e+12
4.51515945344e+12
4.51514456815e+12
4.51512985631e+12
4.51511531577e+12
4.51510094441e+12
4.51508674016e+12
4.51507270094e+12
4.51505882474e+12
4.51504510954e+12
4.51503155337e+12
4.51501815426e+12
4.51500491028e+12
4.51499181953e+12
4.51497888013e+12
4.51496609021e+12
4.51495344795e+12
4.51494095152e+12
4.51492859915e+12
4.51491638907e+12
4.51490431952e+12
4.5148923888e+12
4.5148805952e+12
4.51486893704e+12
4.51485741268e+12
4.51484602046e+12
4.51483475878e+12
4.51482362605e+12
4.51481262069e+12
4.51480174114e+12
4.51479098587e+12
4.51478035337e+12
4.51476984214e+12
4.5147594507e+12
4.51474917759e+12
4.51473902139e+12
4.51472898065e+12
4.51471905399e+12
4.51470924001e+12
4.51469953735e+12
4.51468994466e+12
4.51468046059e+12
4.51467108384e+12
4.51466181311e+12
4.5146526471e+12
4.51464358456e+12
4.51463462423e+12
4.51462576488e+12
4.51461700528e+12
4.51460834422e+12
4.51459978053e+12
4.51459131302e+12
4.51458294054e+12
4.51457466194e+12
4.51456647608e+12
4.51455838186e+12
4.51455037816e+12
4.5145424639e+12
4.51453463801e+12
4.51452689942e+12
4.51451924709e+12
4.51451167997e+12
4.51450419705e+12
4.51449679732e+12
4.51448947978e+12
4.51448224345e+12
4.51447508735e+12
4.51446801053e+12
4.51446101203e+12
4.51445409093e+12
4.51444724629e+12
4.51444047721e+12
4.51443378278e+12
4.51442716212e+12
4.51442061434e+12
4.51441413858e+12
4.51440773398e+12
4.51440139969e+12
4.51439513489e+12
4.51438893873e+12
4.51438281042e+12
4.51437674914e+12
4.5143707541e+12
4.51436482452e+12
4.51435895962e+12
4.51435315863e+12
4.5143474208e+12
4.51434174538e+12
4.51433613164e+12
4.51433057885e+12
4.51432508628e+12
4.51431965323e+12
4.514314279e+12
4.5143089629e+12
4.51430370423e+12
4.51429850234e+12
4.51429335654e+12
4.51428826618e+12
4.51428323061e+12
4.51427824919e+12
4.51427332128e+12
4.51426844626e+12
4.5142636235e+12
4.5142588524e+12
4.51425413236e+12
4.51424946277e+12
4.51424484304e+12
4.51424027261e+12
4.51423575088e+12
4.5142312773e+12
4.5142268513e+12
4.51422247233e+12
4.51421813985e+12
4.5142138533e+12
4.51420961217e+12
4.51420541593e+12
4.51420126405e+12
4.51419715601e+12
4.51419309132e+12
4.51418906947e+12
4.51418508997e+12
4.51418115233e+12
4.51417725606e+12
4.51417340069e+12
4.51416958574e+12
4.51416581075e+12
4.51416207527e+12
4.51415837883e+12
4.51415472099e+12
4.51415110131e+12
4.51414751934e+12
4.51414397466e+12
4.51414046684e+12
4.51413699545e+12
4.51413356009e+12
4.51413016033e+12
4.51412679578e+12
4.51412346602e+12
4.51412017067e+12
4.51411690933e+12
4.51411368162e+12
4.51411048714e+12
4.51410732554e+12
4.51410419642e+12
4.51410109943e+12
4.51409803419e+12
4.51409500036e+12
4.51409199756e+12
4.51408902546e+12
4.51408608371e+12
4.51408317196e+12
4.51408028987e+12
4.51407743712e+12
4.51407461336e+12
4.51407181828e+12
4.51406905155e+12
4.51406631285e+12
4.51406360187e+12
4.5140609183e+12
4.51405826183e+12
4.51405563215e+12
4.51405302898e+12
4.514050452e+12
4.51404790093e+12
4.51404537548e+12
4.51404287536e+12
4.5140404003e+12
4.51403795001e+12
4.51403552421e+12
4.51403312264e+12
4.51403074503e+12
4.5140283911e+12
4.51402606061e+12
4.51402375328e+12
4.51402146887e+12
4.51401920711e+12
4.51401696777e+12
4.51401475058e+12
4.51401255531e+12
4.51401038172e+12
4.51400822957e+12
4.51400609862e+12
4.51400398864e+12
4.5140018994e+12
4.51399983067e+12
4.51399778223e+12
4.51399575385e+12
4.51399374532e+12
4.51399175642e+12
4.51398978693e+12
4.51398783665e+12
4.51398590536e+12
4.51398399286e+12
4.51398209894e+12
4.51398022341e+12
4.51397836606e+12
4.51397652669e+12
4.51397470512e+12
4.51397290114e+12
4.51397111457e+12
4.51396934522e+12
4.51396759291e+12
4.51396585744e+12
4.51396413865e+12
4.51396243635e+12
4.51396075035e+12
4.5139590805e+12
4.51395742661e+12
4.51395578852e+12
4.51395416605e+12
4.51395255904e+12
4.51395096732e+12
4.51394939073e+12
4.51394782911e+12
4.5139462823e+12
4.51394475013e+12
4.51394323247e+12
4.51394172915e+12
4.51394024001e+12
4.51393876492e+12
4.51393730371e+12
4.51393585625e+12
4.51393442239e+12
4.51393300199e+12
4.51393159489e+12
4.51393020097e+12
4.51392882009e+12
4.5139274521e+12
4.51392609687e+12
4.51392475428e+12
4.51392342418e+12
4.51392210644e+12
4.51392080094e+12
4.51391950755e+12
4.51391822614e+12
4.51391695659e+12
4.51391569877e+12
4.51391445256e+12
4.51391321785e+12
4.5139119945e+12
4.51391078241e+12
4.51390958146e+12
4.51390839153e+12
4.51390721251e+12
4.51390604428e+12
4.51390488674e+12
4.51390373977e+12
4.51390260326e+12
4.51390147712e+12
4.51390036123e+12
4.51389925548e+12
4.51389815978e+12
4.51389707401e+12
4.51389599809e+12
4.5138949319e+12
4.51389387535e+12
4.51389282834e+12
4.51389179077e+12
4.51389076255e+12
4.51388974358e+12
4.51388873377e+12
4.51388773303e+12
4.51388674126e+12
4.51388575837e+12
4.51388478428e+12
4.51388381889e+12
4.51388286212e+12
4.51388191388e+12
4.51388097408e+12
4.51388004264e+12
4.51387911948e+12
4.51387820451e+12
4.51387729765e+12
4.51387639882e+12
4.51387550794e+12
4.51387462494e+12
4.51387374972e+12
4.51387288222e+12
4.51387202235e+12
4.51387117005e+12
4.51387032523e+12
4.51386948783e+12
4.51386865776e+12
4.51386783497e+12
4.51386701936e+12
4.51386621088e+12
4.51386540946e+12
4.51386461502e+12
4.51386382749e+12
4.51386304681e+12
4.51386227292e+12
4.51386150573e+12
4.5138607452e+12
4.51385999125e+12
4.51385924382e+12
4.51385850284e+12
4.51385776826e+12
4.51385704001e+12
4.51385631803e+12
4.51385560225e+12
4.51385489263e+12
4.51385418909e+12
4.51385349158e+12
4.51385280004e+12
4.51385211442e+12
4.51385143466e+12
4.51385076069e+12
4.51385009247e+12
4.51384942994e+12
4.51384877304e+12
4.51384812173e+12
4.51384747594e+12
4.51384683563e+12
4.51384620074e+12
4.51384557122e+12
4.51384494701e+12
4.51384432808e+12
4.51384371437e+12
4.51384310583e+12
4.5138425024e+12
4.51384190405e+12
4.51384131072e+12
4.51384072237e+12
4.51384013895e+12
4.51383956041e+12
4.51383898671e+12
4.5138384178e+12
4.51383785363e+12
4.51383729417e+12
4.51383673937e+12
4.51383618918e+12
4.51383564356e+12
4.51383510247e+12
4.51383456586e+12
4.5138340337e+12
4.51383350594e+12
4.51383298255e+12
4.51383246347e+12
4.51383194868e+12
4.51383143813e+12
4.51383093178e+12
4.5138304296e+12
4.51382993154e+12
4.51382943757e+12
4.51382894764e+12
4.51382846173e+12
4.5138279798e+12
4.5138275018e+12
4.51382702771e+12
4.51382655749e+12
4.51382609109e+12
4.5138256285e+12
4.51382516966e+12
4.51382471455e+12
4.51382426314e+12
4.51382381539e+12
4.51382337127e+12
4.51382293073e+12
4.51382249377e+12
4.51382206033e+12
4.51382163038e+12
4.51382120391e+12
4.51382078087e+12
4.51382036123e+12
4.51381994496e+12
4.51381953204e+12
4.51381912243e+12
4.51381871611e+12
4.51381831304e+12
4.51381791319e+12
4.51381751654e+12
4.51381712305e+12
4.51381673271e+12
4.51381634548e+12
4.51381596133e+12
4.51381558023e+12
4.51381520217e+12
4.5138148271e+12
4.51381445502e+12
4.51381408588e+12
4.51381371966e+12
4.51381335634e+12
4.5138129959e+12
4.5138126383e+12
4.51381228352e+12
4.51381193154e+12
4.51381158233e+12
4.51381123587e+12
4.51381089213e+12
4.5138105511e+12
4.51381021274e+12
4.51380987703e+12
4.51380954395e+12
4.51380921348e+12
4.5138088856e+12
4.51380856027e+12
4.51380823749e+12
4.51380791722e+12
4.51380759945e+12
4.51380728416e+12
4.51380697131e+12
4.5138066609e+12
4.5138063529e+12
4.5138060473e+12
4.51380574406e+12
4.51380544317e+12
4.5138051446e+12
4.51380484835e+12
4.51380455439e+12
4.5138042627e+12
4.51380397326e+12
4.51380368604e+12
4.51380340105e+12
4.51380311824e+12
4.51380283761e+12
4.51380255914e+12
4.5138022828e+12
4.51380200858e+12
4.51380173647e+12
4.51380146644e+12
4.51380119848e+12
4.51380093256e+12
4.51380066868e+12
4.51380040681e+12
4.51380014694e+12
4.51379988906e+12
4.51379963313e+12
4.51379937915e+12
4.51379912711e+12
4.51379887698e+12
4.51379862875e+12
4.5137983824e+12
4.51379813793e+12
4.5137978953e+12
4.51379765451e+12
4.51379741554e+12
4.51379717838e+12
4.51379694301e+12
4.51379670942e+12
4.51379647759e+12
4.5137962475e+12
4.51379601915e+12
4.51379579252e+12
4.51379556759e+12
4.51379534436e+12
4.5137951228e+12
4.5137949029e+12
4.51379468465e+12
4.51379446803e+12
4.51379425304e+12
4.51379403966e+12
4.51379382787e+12
4.51379361767e+12
4.51379340904e+12
4.51379320196e+12
4.51379299642e+12
4.51379279242e+12
4.51379258994e+12
4.51379238897e+12
4.51379218949e+12
4.51379199149e+12
4.51379179496e+12
4.51379159989e+12
4.51379140627e+12
4.51379121408e+12
4.51379102332e+12
4.51379083397e+12
4.51379064602e+12
4.51379045946e+12
4.51379027427e+12
4.51379009046e+12
4.513789908e+12
4.51378972689e+12
4.51378954711e+12
4.51378936865e+12
4.51378919151e+12
4.51378901567e+12
4.51378884112e+12
4.51378866786e+12
4.51378849587e+12
4.51378832514e+12
4.51378815566e+12
4.51378798743e+12
4.51378782042e+12
4.51378765464e+12
4.51378749007e+12
4.5137873267e+12
4.51378716453e+12
4.51378700354e+12
4.51378684373e+12
4.51378668508e+12
4.51378652759e+12
4.51378637125e+12
4.51378621604e+12
4.51378606196e+12
4.51378590901e+12
4.51378575716e+12
4.51378560642e+12
4.51378545678e+12
4.51378530821e+12
4.51378516073e+12
4.51378501431e+12
4.51378486896e+12
4.51378472466e+12
4.5137845814e+12
4.51378443918e+12
4.51378429798e+12
4.51378415781e+12
4.51378401865e+12
4.51378388049e+12
4.51378374333e+12
4.51378360715e+12
4.51378347196e+12
4.51378333774e+12
4.51378320449e+12
4.5137830722e+12
4.51378294085e+12
4.51378281046e+12
4.51378268099e+12
4.51378255246e+12
4.51378242485e+12
4.51378229815e+12
4.51378217237e+12
4.51378204748e+12
4.51378192349e+12
4.51378180038e+12
4.51378167816e+12
4.51378155681e+12
4.51378143633e+12
4.5137813167e+12
4.51378119794e+12
4.51378108001e+12
4.51378096294e+12
4.51378084669e+12
4.51378073127e+12
4.51378061668e+12
4.5137805029e+12
4.51378038993e+12
4.51378027777e+12
4.5137801664e+12
4.51378005582e+12
4.51377994603e+12
4.51377983702e+12
4.51377972878e+12
4.51377962131e+12
4.51377951461e+12
4.51377940865e+12
4.51377930345e+12
4.513779199e+12
4.51377909528e+12
4.5137789923e+12
4.51377889004e+12
4.51377878851e+12
4.5137786877e+12
4.51377858759e+12
4.5137784882e+12
4.5137783895e+12
4.51377829151e+12
4.5137781942e+12
4.51377809758e+12
4.51377800164e+12
4.51377790637e+12
4.51377781178e+12
4.51377771785e+12
4.51377762458e+12
4.51377753197e+12
4.51377744001e+12
4.5137773487e+12
4.51377725802e+12
4.51377716799e+12
4.51377707858e+12
4.5137769898e+12
4.51377690165e+12
4.51377681411e+12
4.51377672719e+12
4.51377664087e+12
4.51377655516e+12
4.51377647005e+12
4.51377638553e+12
4.51377630161e+12
4.51377621827e+12
4.51377613552e+12
4.51377605334e+12
4.51377597174e+12
4.5137758907e+12
4.51377581024e+12
4.51377573033e+12
4.51377565098e+12
4.51377557218e+12
4.51377549394e+12
4.51377541623e+12
4.51377533907e+12
4.51377526245e+12
4.51377518636e+12
4.5137751108e+12
4.51377503576e+12
4.51377496125e+12
4.51377488725e+12
4.51377481377e+12
4.5137747408e+12
4.51377466834e+12
4.51377459637e+12
4.51377452491e+12
4.51377445394e+12
4.51377438347e+12
4.51377431348e+12
4.51377424398e+12
4.51377417496e+12
4.51377410642e+12
4.51377403835e+12
4.51377397076e+12
4.51377390363e+12
4.51377383697e+12
4.51377377076e+12
4.51377370502e+12
4.51377363973e+12
4.51377357489e+12
4.5137735105e+12
4.51377344655e+12
4.51377338304e+12
4.51377331998e+12
4.51377325734e+12
4.51377319514e+12
4.51377313337e+12
4.51377307203e+12
4.5137730111e+12
4.5137729506e+12
4.51377289051e+12
4.51377283084e+12
4.51377277158e+12
4.51377271272e+12
4.51377265427e+12
4.51377259623e+12
4.51377253858e+12
4.51377248133e+12
4.51377242447e+12
4.513772368e+12
4.51377231192e+12
4.51377225622e+12
4.51377220091e+12
4.51377214598e+12
4.51377209142e+12
4.51377203724e+12
4.51377198343e+12
4.51377192999e+12
4.51377187691e+12
4.5137718242e+12
4.51377177185e+12
4.51377171986e+12
4.51377166823e+12
4.51377161694e+12
4.51377156601e+12
4.51377151543e+12
4.51377146519e+12
4.5137714153e+12
4.51377136575e+12
4.51377131654e+12
4.51377126766e+12
4.51377121912e+12
4.51377117091e+12
4.51377112303e+12
4.51377107547e+12
4.51377102824e+12
4.51377098133e+12
4.51377093475e+12
4.51377088848e+12
4.51377084252e+12
4.51377079688e+12
4.51377075155e+12
4.51377070653e+12
4.51377066182e+12
4.51377061741e+12
4.5137705733e+12
4.5137705295e+12
4.51377048599e+12
4.51377044278e+12
4.51377039986e+12
4.51377035724e+12
4.5137703149e+12
4.51377027286e+12
4.5137702311e+12
4.51377018962e+12
4.51377014842e+12
4.51377010751e+12
4.51377006687e+12
4.51377002651e+12
4.51376998642e+12
4.51376994661e+12
4.51376990707e+12
4.51376986779e+12
4.51376982878e+12
4.51376979004e+12
4.51376975156e+12
4.51376971334e+12
4.51376967537e+12
4.51376963767e+12
4.51376960022e+12
4.51376956303e+12
4.51376952609e+12
4.5137694894e+12
4.51376945295e+12
4.51376941676e+12
4.51376938081e+12
4.5137693451e+12
4.51376930963e+12
4.51376927441e+12
4.51376923942e+12
4.51376920467e+12
4.51376917016e+12
4.51376913588e+12
4.51376910183e+12
4.51376906801e+12
4.51376903442e+12
4.51376900105e+12
4.51376896791e+12
4.513768935e+12
4.51376890231e+12
4.51376886984e+12
4.51376883759e+12
4.51376880555e+12
4.51376877374e+12
4.51376874213e+12
4.51376871075e+12
4.51376867957e+12
4.5137686486e+12
4.51376861784e+12
4.51376858729e+12
4.51376855695e+12
4.51376852681e+12
4.51376849687e+12
4.51376846714e+12
4.51376843761e+12
4.51376840827e+12
4.51376837914e+12
4.5137683502e+12
4.51376832145e+12
4.5137682929e+12
4.51376826454e+12
4.51376823637e+12
4.51376820839e+12
4.5137681806e+12
4.513768153e+12
4.51376812558e+12
4.51376809835e+12
4.5137680713e+12
4.51376804443e+12
4.51376801775e+12
4.51376799124e+12
4.51376796491e+12
4.51376793876e+12
4.51376791278e+12
4.51376788698e+12
4.51376786135e+12
4.5137678359e+12
4.51376781061e+12
4.5137677855e+12
4.51376776056e+12
4.51376773578e+12
4.51376771117e+12
4.51376768672e+12
4.51376766244e+12
4.51376763832e+12
4.51376761436e+12
4.51376759057e+12
4.51376756693e+12
4.51376754345e+12
4.51376752013e+12
4.51376749697e+12
4.51376747396e+12
4.51376745111e+12
4.51376742841e+12
4.51376740586e+12
4.51376738346e+12
4.51376736122e+12
4.51376733912e+12
4.51376731717e+12
4.51376729537e+12
4.51376727371e+12
4.5137672522e+12
4.51376723084e+12
4.51376720961e+12
4.51376718853e+12
4.51376716759e+12
4.51376714679e+12
4.51376712613e+12
4.51376710561e+12
4.51376708523e+12
4.51376706498e+12
4.51376704487e+12
4.51376702489e+12
4.51376700505e+12
4.51376698534e+12
4.51376696576e+12
4.51376694631e+12
4.51376692699e+12
4.5137669078e+12
4.51376688874e+12
4.51376686981e+12
4.513766851e+12
4.51376683232e+12
4.51376681377e+12
4.51376679534e+12
4.51376677703e+12
4.51376675885e+12
4.51376674078e+12
4.51376672284e+12
4.51376670502e+12
4.51376668731e+12
4.51376666973e+12
4.51376665226e+12
4.51376663491e+12
4.51376661767e+12
4.51376660055e+12
4.51376658355e+12
4.51376656666e+12
4.51376654988e+12
4.51376653321e+12
4.51376651665e+12
4.51376650021e+12
4.51376648387e+12
4.51376646765e+12
4.51376645153e+12
4.51376643552e+12
4.51376641962e+12
4.51376640382e+12
4.51376638813e+12
4.51376637254e+12
4.51376635706e+12
4.51376634168e+12
4.5137663264e+12
4.51376631122e+12
4.51376629615e+12
4.51376628118e+12
4.5137662663e+12
4.51376625153e+12
4.51376623685e+12
4.51376622228e+12
4.5137662078e+12
4.51376619341e+12
4.51376617912e+12
4.51376616493e+12
4.51376615083e+12
4.51376613683e+12
4.51376612292e+12
4.5137661091e+12
4.51376609537e+12
4.51376608174e+12
4.5137660682e+12
4.51376605474e+12
4.51376604138e+12
4.51376602811e+12
4.51376601492e+12
4.51376600182e+12
4.51376598881e+12
4.51376597589e+12
4.51376596305e+12
4.51376595029e+12
4.51376593763e+12
4.51376592504e+12
4.51376591254e+12
4.51376590013e+12
4.51376588779e+12
4.51376587554e+12
4.51376586337e+12
4.51376585128e+12
4.51376583927e+12
4.51376582735e+12
4.5137658155e+12
4.51376580373e+12
4.51376579203e+12
4.51376578042e+12
4.51376576888e+12
4.51376575742e+12
4.51376574604e+12
4.51376573473e+12
4.5137657235e+12
4.51376571234e+12
4.51376570126e+12
4.51376569025e+12
4.51376567931e+12
4.51376566845e+12
4.51376565765e+12
4.51376564693e+12
4.51376563629e+12
4.51376562571e+12
4.5137656152e+12
4.51376560476e+12
4.51376559439e+12
4.51376558409e+12
4.51376557386e+12
4.5137655637e+12
4.51376555361e+12
4.51376554358e+12
4.51376553362e+12
4.51376552372e+12
4.51376551389e+12
4.51376550413e+12
4.51376549443e+12
4.51376548479e+12
4.51376547522e+12
4.51376546571e+12
4.51376545627e+12
4.51376544689e+12
4.51376543757e+12
4.51376542831e+12
4.51376541912e+12
4.51376540998e+12
4.51376540091e+12
4.5137653919e+12
4.51376538294e+12
4.51376537405e+12
4.51376536521e+12
4.51376535644e+12
4.51376534772e+12
4.51376533906e+12
4.51376533046e+12
4.51376532191e+12
4.51376531342e+12
4.51376530499e+12
4.51376529661e+12
4.51376528829e+12
4.51376528003e+12
4.51376527182e+12
4.51376526366e+12
4.51376525556e+12
4.51376524751e+12
4.51376523952e+12
4.51376523157e+12
4.51376522368e+12
4.51376521585e+12
4.51376520806e+12
4.51376520033e+12
4.51376519265e+12
4.51376518502e+12
4.51376517744e+12
4.51376516991e+12
4.51376516243e+12
4.513765155e+12
4.51376514762e+12
4.51376514029e+12
4.513765133e+12
4.51376512577e+12
4.51376511858e+12
4.51376511144e+12
4.51376510435e+12
4.51376509731e+12
4.51376509031e+12
4.51376508336e+12
4.51376507645e+12
4.51376506959e+12
4.51376506278e+12
4.51376505601e+12
4.51376504928e+12
4.5137650426e+12
4.51376503597e+12
4.51376502938e+12
4.51376502283e+12
4.51376501633e+12
4.51376500986e+12
4.51376500345e+12
4.51376499707e+12
4.51376499074e+12
4.51376498445e+12
4.5137649782e+12
4.51376497199e+12
4.51376496582e+12
4.5137649597e+12
4.51376495361e+12
4.51376494757e+12
4.51376494156e+12
4.5137649356e+12
4.51376492967e+12
4.51376492378e+12
4.51376491794e+12
4.51376491213e+12
4.51376490636e+12
4.51376490063e+12
4.51376489493e+12
4.51376488928e+12
4.51376488366e+12
4.51376487807e+12
4.51376487253e+12
4.51376486702e+12
4.51376486155e+12
4.51376485612e+12
4.51376485072e+12
4.51376484535e+12
4.51376484003e+12
4.51376483473e+12
4.51376482948e+12
4.51376482425e+12
4.51376481907e+12
4.51376481391e+12
4.51376480879e+12
4.51376480371e+12
4.51376479866e+12
4.51376479364e+12
4.51376478865e+12
4.5137647837e+12
4.51376477878e+12
4.5137647739e+12
4.51376476904e+12
4.51376476422e+12
4.51376475943e+12
4.51376475467e+12
4.51376474994e+12
4.51376474525e+12
4.51376474058e+12
4.51376473595e+12
4.51376473135e+12
4.51376472678e+12
4.51376472223e+12
4.51376471772e+12
4.51376471324e+12
4.51376470879e+12
4.51376470436e+12
4.51376469997e+12
4.51376469561e+12
4.51376469127e+12
4.51376468696e+12
4.51376468268e+12
4.51376467843e+12
4.51376467421e+12
4.51376467002e+12
4.51376466585e+12
4.51376466171e+12
4.5137646576e+12
4.51376465352e+12
4.51376464946e+12
4.51376464543e+12
4.51376464143e+12
4.51376463745e+12
4.5137646335e+12
4.51376462958e+12
4.51376462568e+12
4.5137646218e+12
4.51376461796e+12
4.51376461414e+12
4.51376461034e+12
4.51376460657e+12
4.51376460282e+12
4.5137645991e+12
4.5137645954e+12
4.51376459173e+12
4.51376458808e+12
4.51376458446e+12
4.51376458086e+12
4.51376457728e+12
4.51376457373e+12
4.5137645702e+12
4.5137645667e+12
4.51376456321e+12
4.51376455976e+12
4.51376455632e+12
4.51376455291e+12
4.51376454951e+12
4.51376454615e+12
4.5137645428e+12
4.51376453947e+12
4.51376453617e+12
4.51376453289e+12
4.51376452963e+12
4.5137645264e+12
4.51376452318e+12
4.51376451999e+12
4.51376451681e+12
4.51376451366e+12
4.51376451053e+12
4.51376450742e+12
4.51376450433e+12
4.51376450126e+12
4.51376449821e+12
4.51376449518e+12
4.51376449217e+12
4.51376448918e+12
4.51376448621e+12
4.51376448326e+12
4.51376448033e+12
4.51376447742e+12
4.51376447453e+12
4.51376447166e+12
4.5137644688e+12
4.51376446597e+12
4.51376446315e+12
4.51376446036e+12
4.51376445758e+12
4.51376445482e+12
4.51376445208e+12
4.51376444935e+12
4.51376444665e+12
4.51376444396e+12
4.51376444129e+12
4.51376443864e+12
4.513764436e+12
4.51376443338e+12
4.51376443078e+12
4.5137644282e+12
4.51376442563e+12
4.51376442308e+12
4.51376442055e+12
4.51376441804e+12
4.51376441554e+12
4.51376441306e+12
4.51376441059e+12
4.51376440814e+12
4.51376440571e+12
4.51376440329e+12
4.51376440089e+12
4.5137643985e+12
4.51376439613e+12
4.51376439378e+12
4.51376439144e+12
4.51376438912e+12
4.51376438681e+12
4.51376438452e+12
4.51376438224e+12
4.51376437998e+12
4.51376437773e+12
4.5137643755e+12
4.51376437328e+12
4.51376437108e+12
4.51376436889e+12
4.51376436672e+12
4.51376436456e+12
4.51376436241e+12
4.51376436028e+12
4.51376435817e+12
4.51376435606e+12
4.51376435397e+12
4.5137643519e+12
4.51376434984e+12
4.51376434779e+12
4.51376434576e+12
4.51376434373e+12
4.51376434173e+12
4.51376433973e+12
4.51376433775e+12
4.51376433578e+12
4.51376433383e+12
4.51376433189e+12
4.51376432996e+12
4.51376432804e+12
4.51376432614e+12
4.51376432425e+12
4.51376432237e+12
4.5137643205e+12
4.51376431865e+12
4.51376431681e+12
4.51376431498e+12
4.51376431316e+12
4.51376431136e+12
4.51376430956e+12
4.51376430778e+12
4.51376430601e+12
4.51376430425e+12
4.51376430251e+12
4.51376430077e+12
4.51376429905e+12
4.51376429734e+12
4.51376429564e+12
4.51376429395e+12
4.51376429227e+12
4.5137642906e+12
4.51376428895e+12
4.5137642873e+12
4.51376428567e+12
4.51376428404e+12
4.51376428243e+12
4.51376428083e+12
4.51376427924e+12
4.51376427766e+12
4.51376427608e+12
4.51376427452e+12
4.51376427297e+12
4.51376427143e+12
4.51376426991e+12
4.51376426839e+12
4.51376426688e+12
4.51376426538e+12
4.51376426389e+12
4.51376426241e+12
4.51376426094e+12
4.51376425948e+12
4.51376425803e+12
4.51376425659e+12
4.51376425516e+12
4.51376425373e+12
4.51376425232e+12
4.51376425092e+12
4.51376424953e+12
4.51376424814e+12
4.51376424677e+12
4.5137642454e+12
4.51376424404e+12
4.51376424269e+12
4.51376424135e+12
4.51376424002e+12
4.5137642387e+12
4.51376423739e+12
4.51376423608e+12
4.51376423479e+12
4.5137642335e+12
4.51376423222e+12
4.51376423095e+12
4.51376422969e+12
4.51376422844e+12
4.51376422719e+12
4.51376422596e+12
4.51376422473e+12
4.51376422351e+12
4.51376422229e+12
4.51376422109e+12
4.51376421989e+12
4.5137642187e+12
4.51376421752e+12
4.51376421635e+12
4.51376421518e+12
4.51376421403e+12
4.51376421288e+12
4.51376421173e+12
4.5137642106e+12
4.51376420947e+12
4.51376420835e+12
4.51376420724e+12
4.51376420613e+12
4.51376420504e+12
4.51376420395e+12
4.51376420286e+12
4.51376420179e+12
4.51376420072e+12
4.51376419966e+12
4.5137641986e+12
4.51376419755e+12
4.51376419651e+12
4.51376419548e+12
4.51376419445e+12
4.51376419343e+12
4.51376419242e+12
4.51376419141e+12
4.51376419041e+12
4.51376418941e+12
4.51376418843e+12
4.51376418745e+12
4.51376418647e+12
4.5137641855e+12
4.51376418454e+12
4.51376418359e+12
4.51376418264e+12
4.5137641817e+12
4.51376418076e+12
4.51376417983e+12
4.51376417891e+12
4.51376417799e+12
4.51376417708e+12
4.51376417617e+12
4.51376417527e+12
4.51376417438e+12
4.51376417349e+12
4.51376417261e+12
4.51376417173e+12
4.51376417086e+12
4.51376417e+12
4.51376416914e+12
4.51376416828e+12
4.51376416744e+12
4.51376416659e+12
4.51376416576e+12
4.51376416493e+12
4.5137641641e+12
4.51376416328e+12
4.51376416247e+12
4.51376416166e+12
4.51376416085e+12
4.51376416006e+12
4.51376415926e+12
4.51376415847e+12
4.51376415769e+12
4.51376415691e+12
4.51376415614e+12
4.51376415537e+12
4.51376415461e+12
4.51376415385e+12
4.5137641531e+12
4.51376415235e+12
4.51376415161e+12
4.51376415087e+12
4.51376415014e+12
4.51376414941e+12
4.51376414869e+12
4.51376414797e+12
4.51376414726e+12
4.51376414655e+12
4.51376414585e+12
4.51376414515e+12
4.51376414445e+12
4.51376414376e+12
4.51376414308e+12
4.5137641424e+12
4.51376414172e+12
4.51376414105e+12
4.51376414038e+12
4.51376413972e+12
4.51376413906e+12
4.5137641384e+12
4.51376413775e+12
4.51376413711e+12
4.51376413647e+12
4.51376413583e+12
4.51376413519e+12
4.51376413457e+12
4.51376413394e+12
4.51376413332e+12
4.5137641327e+12
4.51376413209e+12
4.51376413148e+12
4.51376413088e+12
4.51376413028e+12
4.51376412968e+12
4.51376412909e+12
4.5137641285e+12
4.51376412792e+12
4.51376412733e+12
4.51376412676e+12
4.51376412618e+12
4.51376412561e+12
4.51376412505e+12
4.51376412449e+12
4.51376412393e+12
4.51376412337e+12
4.51376412282e+12
4.51376412228e+12
4.51376412173e+12
4.51376412119e+12
4.51376412066e+12
4.51376412012e+12
4.51376411959e+12
4.51376411907e+12
4.51376411855e+12
4.51376411803e+12
4.51376411751e+12
4.513764117e+12
4.51376411649e+12
4.51376411598e+12
4.51376411548e+12
4.51376411498e+12
4.51376411449e+12
4.513764114e+12
4.51376411351e+12
4.51376411302e+12
4.51376411254e+12
4.51376411206e+12
4.51376411158e+12
4.51376411111e+12
4.51376411064e+12
4.51376411017e+12
4.51376410971e+12
4.51376410925e+12
4.51376410879e+12
4.51376410834e+12
4.51376410789e+12
4.51376410744e+12
4.51376410699e+12
4.51376410655e+12
4.51376410611e+12
4.51376410567e+12
4.51376410524e+12
4.51376410481e+12
4.51376410438e+12
4.51376410395e+12
4.51376410353e+12
4.51376410311e+12
4.5137641027e+12
4.51376410228e+12
4.51376410187e+12
4.51376410146e+12
4.51376410105e+12
4.51376410065e+12
4.51376410025e+12
4.51376409985e+12
4.51376409946e+12
4.51376409906e+12
4.51376409867e+12
4.51376409829e+12
4.5137640979e+12
4.51376409752e+12
4.51376409714e+12
4.51376409676e+12
4.51376409639e+12
4.51376409601e+12
4.51376409564e+12
4.51376409528e+12
4.51376409491e+12
4.51376409455e+12
4.51376409419e+12
4.51376409383e+12
4.51376409347e+12
4.51376409312e+12
4.51376409277e+12
4.51376409242e+12
4.51376409207e+12
4.51376409173e+12
4.51376409139e+12
4.51376409105e+12
4.51376409071e+12
4.51376409038e+12
4.51376409004e+12
4.51376408971e+12
4.51376408938e+12
4.51376408906e+12
4.51376408873e+12
4.51376408841e+12
4.51376408809e+12
4.51376408777e+12
4.51376408746e+12
4.51376408715e+12
4.51376408683e+12
4.51376408652e+12
4.51376408622e+12
4.51376408591e+12
4.51376408561e+12
4.51376408531e+12
4.51376408501e+12
4.51376408471e+12
4.51376408442e+12
4.51376408412e+12
4.51376408383e+12
4.51376408354e+12
4.51376408325e+12
4.51376408297e+12
4.51376408268e+12
4.5137640824e+12
4.51376408212e+12
4.51376408184e+12
4.51376408157e+12
4.51376408129e+12
4.51376408102e+12
4.51376408075e+12
4.51376408048e+12
4.51376408021e+12
4.51376407995e+12
4.51376407968e+12
4.51376407942e+12
4.51376407916e+12
4.5137640789e+12
4.51376407864e+12
4.51376407839e+12
4.51376407813e+12
4.51376407788e+12
4.51376407763e+12
4.51376407738e+12
4.51376407714e+12
4.51376407689e+12
4.51376407665e+12
4.51376407641e+12
4.51376407616e+12
4.51376407593e+12
4.51376407569e+12
4.51376407545e+12
4.51376407522e+12
4.51376407499e+12
4.51376407475e+12
4.51376407453e+12
4.5137640743e+12
4.51376407407e+12
4.51376407385e+12
4.51376407362e+12
4.5137640734e+12
4.51376407318e+12
4.51376407296e+12
4.51376407274e+12
4.51376407253e+12
4.51376407231e+12
4.5137640721e+12
4.51376407189e+12
4.51376407167e+12
4.51376407147e+12
4.51376407126e+12
4.51376407105e+12
4.51376407085e+12
4.51376407064e+12
4.51376407044e+12
4.51376407024e+12
4.51376407004e+12
4.51376406984e+12
4.51376406964e+12
4.51376406945e+12
4.51376406925e+12
4.51376406906e+12
4.51376406887e+12
4.51376406868e+12
4.51376406849e+12
4.5137640683e+12
4.51376406811e+12
4.51376406793e+12
4.51376406774e+12
4.51376406756e+12
4.51376406738e+12
4.5137640672e+12
4.51376406702e+12
4.51376406684e+12
4.51376406666e+12
4.51376406648e+12
4.51376406631e+12
4.51376406614e+12
4.51376406596e+12
4.51376406579e+12
4.51376406562e+12
4.51376406545e+12
4.51376406528e+12
4.51376406512e+12
4.51376406495e+12
4.51376406479e+12
4.51376406462e+12
4.51376406446e+12
4.5137640643e+12
4.51376406414e+12
4.51376406398e+12
4.51376406382e+12
4.51376406366e+12
4.51376406351e+12
4.51376406335e+12
4.5137640632e+12
4.51376406304e+12
4.51376406289e+12
4.51376406274e+12
4.51376406259e+12
4.51376406244e+12
4.51376406229e+12
4.51376406214e+12
4.513764062e+12
4.51376406185e+12
4.51376406171e+12
4.51376406156e+12
4.51376406142e+12
4.51376406128e+12
4.51376406114e+12
4.513764061e+12
4.51376406086e+12
4.51376406072e+12
4.51376406059e+12
4.51376406045e+12
4.51376406032e+12
4.51376406018e+12
4.51376406005e+12
4.51376405992e+12
4.51376405978e+12
4.51376405965e+12
4.51376405952e+12
4.51376405939e+12
4.51376405927e+12
4.51376405914e+12
4.51376405901e+12
4.51376405889e+12
4.51376405876e+12
4.51376405864e+12
4.51376405852e+12
4.51376405839e+12
4.51376405827e+12
4.51376405815e+12
4.51376405803e+12
4.51376405791e+12
4.51376405779e+12
4.51376405768e+12
4.51376405756e+12
4.51376405744e+12
4.51376405733e+12
4.51376405721e+12
4.5137640571e+12
4.51376405699e+12
4.51376405687e+12
4.51376405676e+12
4.51376405665e+12
4.51376405654e+12
4.51376405643e+12
4.51376405632e+12
4.51376405622e+12
4.51376405611e+12
4.513764056e+12
4.5137640559e+12
4.51376405579e+12
4.51376405569e+12
4.51376405558e+12
4.51376405548e+12
4.51376405538e+12
4.51376405528e+12
4.51376405518e+12
4.51376405508e+12
4.51376405498e+12
4.51376405488e+12
4.51376405478e+12
4.51376405468e+12
4.51376405458e+12
4.51376405449e+12
4.51376405439e+12
4.5137640543e+12
4.5137640542e+12
4.51376405411e+12
4.51376405402e+12
4.51376405392e+12
4.51376405383e+12
4.51376405374e+12
4.51376405365e+12
4.51376405356e+12
4.51376405347e+12
4.51376405338e+12
4.51376405329e+12
4.5137640532e+12
4.51376405312e+12
4.51376405303e+12
4.51376405294e+12
4.51376405286e+12
4.51376405277e+12
4.51376405269e+12
4.51376405261e+12
4.51376405252e+12
4.51376405244e+12
4.51376405236e+12
4.51376405228e+12
4.51376405219e+12
4.51376405211e+12
4.51376405203e+12
4.51376405195e+12
4.51376405188e+12
4.5137640518e+12
4.51376405172e+12
4.51376405164e+12
4.51376405157e+12
4.51376405149e+12
4.51376405141e+12
4.51376405134e+12
4.51376405126e+12
4.51376405119e+12
4.51376405111e+12
4.51376405104e+12
4.51376405097e+12
4.5137640509e+12
4.51376405082e+12
4.51376405075e+12
4.51376405068e+12
4.51376405061e+12
4.51376405054e+12
4.51376405047e+12
4.5137640504e+12
4.51376405033e+12
4.51376405026e+12
4.5137640502e+12
4.51376405013e+12
4.51376405006e+12
4.51376405e+12
4.51376404993e+12
4.51376404986e+12
4.5137640498e+12
4.51376404973e+12
4.51376404967e+12
4.51376404961e+12
4.51376404954e+12
4.51376404948e+12
4.51376404942e+12
4.51376404936e+12
4.51376404929e+12
4.51376404923e+12
4.51376404917e+12
4.51376404911e+12
4.51376404905e+12
4.51376404899e+12
4.51376404893e+12
4.51376404887e+12
4.51376404881e+12
4.51376404876e+12
4.5137640487e+12
4.51376404864e+12
4.51376404858e+12
4.51376404853e+12
4.51376404847e+12
4.51376404841e+12
4.51376404836e+12
4.5137640483e+12
4.51376404825e+12
4.51376404819e+12
4.51376404814e+12
4.51376404809e+12
4.51376404803e+12
4.51376404798e+12
4.51376404793e+12
4.51376404787e+12
4.51376404782e+12
4.51376404777e+12
4.51376404772e+12
4.51376404767e+12
4.51376404762e+12
4.51376404757e+12
4.51376404752e+12
4.51376404747e+12
4.51376404742e+12
4.51376404737e+12
4.51376404732e+12
4.51376404727e+12
4.51376404722e+12
4.51376404718e+12
4.51376404713e+12
4.51376404708e+12
4.51376404704e+12
4.51376404699e+12
4.51376404694e+12
4.5137640469e+12
4.51376404685e+12
4.51376404681e+12
4.51376404676e+12
4.51376404672e+12
4.51376404667e+12
4.51376404663e+12
4.51376404658e+12
4.51376404654e+12
4.5137640465e+12
4.51376404645e+12
4.51376404641e+12
4.51376404637e+12
4.51376404633e+12
4.51376404629e+12
4.51376404624e+12
4.5137640462e+12
4.51376404616e+12
4.51376404612e+12
4.51376404608e+12
4.51376404604e+12
4.513764046e+12
4.51376404596e+12
4.51376404592e+12
4.51376404588e+12
4.51376404584e+12
4.51376404581e+12
4.51376404577e+12
4.51376404573e+12
4.51376404569e+12
4.51376404565e+12
4.51376404562e+12
4.51376404558e+12
4.51376404554e+12
4.51376404551e+12
4.51376404547e+12
4.51376404543e+12
4.5137640454e+12
4.51376404536e+12
4.51376404533e+12
4.51376404529e+12
4.51376404526e+12
4.51376404522e+12
4.51376404519e+12
4.51376404515e+12
4.51376404512e+12
4.51376404508e+12
4.51376404505e+12
4.51376404502e+12
4.51376404498e+12
4.51376404495e+12
4.51376404492e+12
4.51376404489e+12
4.51376404485e+12
4.51376404482e+12
4.51376404479e+12
4.51376404476e+12
4.51376404473e+12
4.5137640447e+12
4.51376404467e+12
4.51376404463e+12
4.5137640446e+12
4.51376404457e+12
4.51376404454e+12
4.51376404451e+12
4.51376404448e+12
4.51376404445e+12
4.51376404442e+12
4.5137640444e+12
4.51376404437e+12
4.51376404434e+12
4.51376404431e+12
4.51376404428e+12
4.51376404425e+12
4.51376404422e+12
4.5137640442e+12
4.51376404417e+12
4.51376404414e+12
4.51376404411e+12
4.51376404409e+12
4.51376404406e+12
4.51376404403e+12
4.51376404401e+12
4.51376404398e+12
4.51376404395e+12
4.51376404393e+12
4.5137640439e+12
4.51376404388e+12
4.51376404385e+12
4.51376404382e+12
4.5137640438e+12
4.51376404377e+12
4.51376404375e+12
4.51376404372e+12
4.5137640437e+12
4.51376404368e+12
4.51376404365e+12
4.51376404363e+12
4.5137640436e+12
4.51376404358e+12
4.51376404356e+12
4.51376404353e+12
4.51376404351e+12
4.51376404349e+12
4.51376404346e+12
4.51376404344e+12
4.51376404342e+12
4.51376404339e+12
4.51376404337e+12
4.51376404335e+12
4.51376404333e+12
4.51376404331e+12
4.51376404328e+12
4.51376404326e+12
4.51376404324e+12
4.51376404322e+12
4.5137640432e+12
4.51376404318e+12
4.51376404316e+12
4.51376404314e+12
4.51376404311e+12
4.51376404309e+12
4.51376404307e+12
4.51376404305e+12
4.51376404303e+12
4.51376404301e+12
4.51376404299e+12
4.51376404297e+12
4.51376404295e+12
4.51376404293e+12
4.51376404291e+12
4.5137640429e+12
4.51376404288e+12
4.51376404286e+12
4.51376404284e+12
4.51376404282e+12
4.5137640428e+12
4.51376404278e+12
4.51376404276e+12
4.51376404275e+12
4.51376404273e+12
4.51376404271e+12
4.51376404269e+12
4.51376404267e+12
4.51376404266e+12
4.51376404264e+12
4.51376404262e+12
4.5137640426e+12
4.51376404259e+12
4.51376404257e+12
4.51376404255e+12
4.51376404254e+12
4.51376404252e+12
4.5137640425e+12
4.51376404249e+12
4.51376404247e+12
4.51376404245e+12
4.51376404244e+12
4.51376404242e+12
4.51376404241e+12
4.51376404239e+12
4.51376404237e+12
4.51376404236e+12
4.51376404234e+12
4.51376404233e+12
4.51376404231e+12
4.5137640423e+12
4.51376404228e+12
4.51376404227e+12
4.51376404225e+12
4.51376404224e+12
4.51376404222e+12
4.51376404221e+12
4.51376404219e+12
4.51376404218e+12
4.51376404216e+12
4.51376404215e+12
4.51376404214e+12
4.51376404212e+12
4.51376404211e+12
4.51376404209e+12
4.51376404208e+12
4.51376404207e+12
4.51376404205e+12
4.51376404204e+12
4.51376404203e+12
4.51376404201e+12
4.513764042e+12
4.51376404199e+12
4.51376404197e+12
4.51376404196e+12
4.51376404195e+12
4.51376404193e+12
4.51376404192e+12
4.51376404191e+12
4.5137640419e+12
4.51376404188e+12
4.51376404187e+12
4.51376404186e+12
4.51376404185e+12
4.51376404183e+12
4.51376404182e+12
4.51376404181e+12
4.5137640418e+12
4.51376404179e+12
4.51376404177e+12
4.51376404176e+12
4.51376404175e+12
4.51376404174e+12
4.51376404173e+12
4.51376404172e+12
4.51376404171e+12
4.51376404169e+12
4.51376404168e+12
4.51376404167e+12
4.51376404166e+12
4.51376404165e+12
4.51376404164e+12
4.51376404163e+12
4.51376404162e+12
4.51376404161e+12
4.5137640416e+12
4.51376404159e+12
4.51376404158e+12
4.51376404156e+12
4.51376404155e+12
4.51376404154e+12
4.51376404153e+12
4.51376404152e+12
4.51376404151e+12
4.5137640415e+12
4.51376404149e+12
4.51376404148e+12
4.51376404147e+12
4.51376404146e+12
4.51376404145e+12
4.51376404145e+12
4.51376404144e+12
4.51376404143e+12
4.51376404142e+12
4.51376404141e+12
4.5137640414e+12
4.51376404139e+12
4.51376404138e+12
4.51376404137e+12
4.51376404136e+12
4.51376404135e+12
4.51376404134e+12
4.51376404134e+12
4.51376404133e+12
4.51376404132e+12
4.51376404131e+12
4.5137640413e+12
4.51376404129e+12
4.51376404128e+12
4.51376404127e+12
4.51376404127e+12
4.51376404126e+12
4.51376404125e+12
4.51376404124e+12
4.51376404123e+12
4.51376404123e+12
4.51376404122e+12
4.51376404121e+12
4.5137640412e+12
4.51376404119e+12
4.51376404119e+12
4.51376404118e+12
4.51376404117e+12
4.51376404116e+12
4.51376404115e+12
4.51376404115e+12
4.51376404114e+12
4.51376404113e+12
4.51376404112e+12
4.51376404112e+12
4.51376404111e+12
4.5137640411e+12
4.51376404109e+12
4.51376404109e+12
4.51376404108e+12
4.51376404107e+12
4.51376404107e+12
4.51376404106e+12
4.51376404105e+12
4.51376404105e+12
4.51376404104e+12
4.51376404103e+12
4.51376404102e+12
4.51376404102e+12
4.51376404101e+12
4.513764041e+12
4.513764041e+12
4.51376404099e+12
4.51376404099e+12
4.51376404098e+12
4.51376404097e+12
4.51376404097e+12
4.51376404096e+12
4.51376404095e+12
4.51376404095e+12
4.51376404094e+12
4.51376404093e+12
4.51376404093e+12
4.51376404092e+12
4.51376404092e+12
4.51376404091e+12
4.5137640409e+12
4.5137640409e+12
4.51376404089e+12
4.51376404089e+12
4.51376404088e+12
4.51376404087e+12
4.51376404087e+12
4.51376404086e+12
4.51376404086e+12
4.51376404085e+12
4.51376404085e+12
4.51376404084e+12
4.51376404084e+12
4.51376404083e+12
4.51376404082e+12
4.51376404082e+12
4.51376404081e+12
4.51376404081e+12
4.5137640408e+12
4.5137640408e+12
4.51376404079e+12
4.51376404079e+12
4.51376404078e+12
4.51376404078e+12
4.51376404077e+12
4.51376404077e+12
4.51376404076e+12
4.51376404076e+12
4.51376404075e+12
4.51376404075e+12
4.51376404074e+12
4.51376404074e+12
4.51376404073e+12
4.51376404073e+12
4.51376404072e+12
4.51376404072e+12
4.51376404071e+12
4.51376404071e+12
4.5137640407e+12
4.5137640407e+12
4.51376404069e+12
4.51376404069e+12
4.51376404069e+12
4.51376404068e+12
4.51376404068e+12
4.51376404067e+12
4.51376404067e+12
4.51376404066e+12
4.51376404066e+12
4.51376404065e+12
4.51376404065e+12
4.51376404065e+12
4.51376404064e+12
4.51376404064e+12
4.51376404063e+12
4.51376404063e+12
4.51376404062e+12
4.51376404062e+12
4.51376404062e+12
4.51376404061e+12
4.51376404061e+12
4.5137640406e+12
4.5137640406e+12
4.5137640406e+12
4.51376404059e+12
4.51376404059e+12
4.51376404058e+12
4.51376404058e+12
4.51376404058e+12
4.51376404057e+12
4.51376404057e+12
4.51376404057e+12
4.51376404056e+12
4.51376404056e+12
4.51376404055e+12
4.51376404055e+12
4.51376404055e+12
4.51376404054e+12
4.51376404054e+12
4.51376404054e+12
4.51376404053e+12
4.51376404053e+12
4.51376404053e+12
4.51376404052e+12
4.51376404052e+12
4.51376404052e+12
4.51376404051e+12
4.51376404051e+12
4.51376404051e+12
4.5137640405e+12
4.5137640405e+12
4.5137640405e+12
4.51376404049e+12
4.51376404049e+12
4.51376404049e+12
4.51376404048e+12
4.51376404048e+12
4.51376404048e+12
4.51376404047e+12
4.51376404047e+12
4.51376404047e+12
4.51376404046e+12
4.51376404046e+12
4.51376404046e+12
4.51376404046e+12
4.51376404045e+12
4.51376404045e+12
4.51376404045e+12
4.51376404044e+12
4.51376404044e+12
4.51376404044e+12
4.51376404043e+12
4.51376404043e+12
4.51376404043e+12
4.51376404043e+12
4.51376404042e+12
4.51376404042e+12
4.51376404042e+12
4.51376404042e+12
4.51376404041e+12
4.51376404041e+12
4.51376404041e+12
4.5137640404e+12
4.5137640404e+12
4.5137640404e+12
4.5137640404e+12
4.51376404039e+12
4.51376404039e+12
4.51376404039e+12
4.51376404039e+12
4.51376404038e+12
4.51376404038e+12
4.51376404038e+12
4.51376404038e+12
4.51376404037e+12
4.51376404037e+12
4.51376404037e+12
4.51376404037e+12
4.51376404036e+12
4.51376404036e+12
4.51376404036e+12
4.51376404036e+12
4.51376404035e+12
4.51376404035e+12
4.51376404035e+12
4.51376404035e+12
4.51376404035e+12
4.51376404034e+12
4.51376404034e+12
4.51376404034e+12
4.51376404034e+12
4.51376404033e+12
4.51376404033e+12
4.51376404033e+12
4.51376404033e+12
4.51376404033e+12
4.51376404032e+12
4.51376404032e+12
4.51376404032e+12
4.51376404032e+12
4.51376404032e+12
4.51376404031e+12
4.51376404031e+12
4.51376404031e+12
4.51376404031e+12
4.51376404031e+12
4.5137640403e+12
4.5137640403e+12
4.5137640403e+12
4.5137640403e+12
4.5137640403e+12
4.51376404029e+12
4.51376404029e+12
4.51376404029e+12
4.51376404029e+12
4.51376404029e+12
4.51376404028e+12
4.51376404028e+12
4.51376404028e+12
4.51376404028e+12
4.51376404028e+12
4.51376404027e+12
4.51376404027e+12
4.51376404027e+12
4.51376404027e+12
4.51376404027e+12
4.51376404027e+12
4.51376404026e+12
4.51376404026e+12
4.51376404026e+12
4.51376404026e+12
4.51376404026e+12
4.51376404026e+12
4.51376404025e+12
4.51376404025e+12
4.51376404025e+12
4.51376404025e+12
4.51376404025e+12
4.51376404025e+12
4.51376404024e+12
4.51376404024e+12
4.51376404024e+12
4.51376404024e+12
4.51376404024e+12
4.51376404024e+12
4.51376404023e+12
4.51376404023e+12
4.51376404023e+12
4.51376404023e+12
4.51376404023e+12
4.51376404023e+12
4.51376404023e+12
4.51376404022e+12
4.51376404022e+12
4.51376404022e+12
4.51376404022e+12
4.51376404022e+12
4.51376404022e+12
4.51376404022e+12
4.51376404021e+12
4.51376404021e+12
4.51376404021e+12
4.51376404021e+12
4.51376404021e+12
4.51376404021e+12
4.51376404021e+12
4.5137640402e+12
4.5137640402e+12
4.5137640402e+12
4.5137640402e+12
4.5137640402e+12
4.5137640402e+12
4.5137640402e+12
4.5137640402e+12
4.51376404019e+12
4.51376404019e+12
4.51376404019e+12
4.51376404019e+12
4.51376404019e+12
4.51376404019e+12
4.51376404019e+12
4.51376404019e+12
4.51376404018e+12
4.51376404018e+12
4.51376404018e+12
4.51376404018e+12
4.51376404018e+12
4.51376404018e+12
4.51376404018e+12
4.51376404018e+12
4.51376404018e+12
4.51376404017e+12
4.51376404017e+12
4.51376404017e+12
4.51376404017e+12
4.51376404017e+12
4.51376404017e+12
4.51376404017e+12
4.51376404017e+12
4.51376404017e+12
4.51376404016e+12
4.51376404016e+12
4.51376404016e+12
4.51376404016e+12
4.51376404016e+12
4.51376404016e+12
4.51376404016e+12
4.51376404016e+12
4.51376404016e+12
4.51376404015e+12
4.51376404015e+12
4.51376404015e+12
4.51376404015e+12
4.51376404015e+12
4.51376404015e+12
4.51376404015e+12
4.51376404015e+12
4.51376404015e+12
4.51376404015e+12
4.51376404015e+12
4.51376404014e+12
4.51376404014e+12
4.51376404014e+12
4.51376404014e+12
4.51376404014e+12
4.51376404014e+12
4.51376404014e+12
4.51376404014e+12
4.51376404014e+12
4.51376404014e+12
4.51376404014e+12
4.51376404013e+12
4.51376404013e+12
4.51376404013e+12
4.51376404013e+12
4.51376404013e+12
4.51376404013e+12
4.51376404013e+12
4.51376404013e+12
4.51376404013e+12
4.51376404013e+12
4.51376404013e+12
4.51376404013e+12
4.51376404012e+12
4.51376404012e+12
4.51376404012e+12
4.51376404012e+12
4.51376404012e+12
4.51376404012e+12
4.51376404012e+12
4.51376404012e+12
4.51376404012e+12
4.51376404012e+12
4.51376404012e+12
4.51376404012e+12
4.51376404012e+12
4.51376404011e+12
4.51376404011e+12
4.51376404011e+12
4.51376404011e+12
4.51376404011e+12
4.51376404011e+12
4.51376404011e+12
4.51376404011e+12
4.51376404011e+12
4.51376404011e+12
4.51376404011e+12
4.51376404011e+12
4.51376404011e+12
4.51376404011e+12
4.5137640401e+12
4.5137640401e+12
4.5137640401e+12
4.5137640401e+12
4.5137640401e+12
4.5137640401e+12
4.5137640401e+12
4.5137640401e+12
4.5137640401e+12
4.5137640401e+12
4.5137640401e+12
4.5137640401e+12
4.5137640401e+12
4.5137640401e+12
4.5137640401e+12
4.51376404009e+12
4.51376404009e+12
4.51376404009e+12
4.51376404009e+12
4.51376404009e+12
4.51376404009e+12
4.51376404009e+12
4.51376404009e+12
4.51376404009e+12
4.51376404009e+12
4.51376404009e+12
4.51376404009e+12
4.51376404009e+12
4.51376404009e+12
4.51376404009e+12
4.51376404009e+12
4.51376404009e+12
4.51376404009e+12
4.51376404008e+12
4.51376404008e+12
4.51376404008e+12
4.51376404008e+12
4.51376404008e+12
4.51376404008e+12
4.51376404008e+12
4.51376404008e+12
4.51376404008e+12
4.51376404008e+12
4.51376404008e+12
4.51376404008e+12
4.51376404008e+12
4.51376404008e+12
4.51376404008e+12
4.51376404008e+12
4.51376404008e+12
4.51376404008e+12
4.51376404008e+12
4.51376404008e+12
4.51376404007e+12
4.51376404007e+12
4.51376404007e+12
4.51376404007e+12
4.51376404007e+12
4.51376404007e+12
4.51376404007e+12
4.51376404007e+12
4.51376404007e+12
4.51376404007e+12
4.51376404007e+12
4.51376404007e+12
4.51376404007e+12
4.51376404007e+12
4.51376404007e+12
4.51376404007e+12
4.51376404007e+12
4.51376404007e+12
4.51376404007e+12
4.51376404007e+12
4.51376404007e+12
4.51376404007e+12
4.51376404006e+12
4.51376404006e+12
4.51376404006e+12
4.51376404006e+12
4.51376404006e+12
4.51376404006e+12
4.51376404006e+12
4.51376404006e+12
4.51376404006e+12
4.51376404006e+12
4.51376404006e+12
4.51376404006e+12
4.51376404006e+12
4.51376404006e+12
4.51376404006e+12
4.51376404006e+12
4.51376404006e+12
4.51376404006e+12
4.51376404006e+12
4.51376404006e+12
4.51376404006e+12
4.51376404006e+12
4.51376404006e+12
4.51376404006e+12
4.51376404006e+12
4.51376404006e+12
4.51376404006e+12
4.51376404005e+12
4.51376404005e+12
4.51376404005e+12
4.51376404005e+12
4.51376404005e+12
4.51376404005e+12
4.51376404005e+12
4.51376404005e+12
4.51376404005e+12
4.51376404005e+12
4.51376404005e+12
4.51376404005e+12
4.51376404005e+12
4.51376404005e+12
4.51376404005e+12
4.51376404005e+12
4.51376404005e+12
4.51376404005e+12
4.51376404005e+12
4.51376404005e+12
4.51376404005e+12
4.51376404005e+12
4.51376404005e+12
4.51376404005e+12
4.51376404005e+12
4.51376404005e+12
4.51376404005e+12
4.51376404005e+12
4.51376404005e+12
4.51376404005e+12
4.51376404005e+12
4.51376404005e+12
4.51376404005e+12
4.51376404004e+12
4.51376404004e+12
4.51376404004e+12
4.51376404004e+12
4.51376404004e+12
4.51376404004e+12
4.51376404004e+12
4.51376404004e+12
4.51376404004e+12
4.51376404004e+12
4.51376404004e+12
4.51376404004e+12
4.51376404004e+12
4.51376404004e+12
4.51376404004e+12
4.51376404004e+12
4.51376404004e+12
4.51376404004e+12
4.51376404004e+12
4.51376404004e+12
4.51376404004e+12
4.51376404004e+12
4.51376404004e+12
4.51376404004e+12
4.51376404004e+12
4.51376404004e+12
4.51376404004e+12
4.51376404004e+12
4.51376404004e+12
4.51376404004e+12
4.51376404004e+12
4.51376404004e+12
4.51376404004e+12
4.51376404004e+12
4.51376404004e+12
4.51376404004e+12
4.51376404004e+12
4.51376404004e+12
4.51376404004e+12
4.51376404004e+12
4.51376404004e+12
4.51376404003e+12
4.51376404003e+12
4.51376404003e+12
4.51376404003e+12
4.51376404003e+12
4.51376404003e+12
4.51376404003e+12
4.51376404003e+12
4.51376404003e+12
4.51376404003e+12
4.51376404003e+12
4.51376404003e+12
4.51376404003e+12
4.51376404003e+12
4.51376404003e+12
4.51376404003e+12
4.51376404003e+12
4.51376404003e+12
4.51376404003e+12
4.51376404003e+12
4.51376404003e+12
4.51376404003e+12
4.51376404003e+12
4.51376404003e+12
4.51376404003e+12
4.51376404003e+12
4.51376404003e+12
4.51376404003e+12
4.51376404003e+12
4.51376404003e+12
4.51376404003e+12
4.51376404003e+12
4.51376404003e+12
4.51376404003e+12
4.51376404003e+12
4.51376404003e+12
4.51376404003e+12
4.51376404003e+12
4.51376404003e+12
4.51376404003e+12
4.51376404003e+12
4.51376404003e+12
4.51376404003e+12
4.51376404003e+12
4.51376404003e+12
4.51376404003e+12
4.51376404003e+12
4.51376404003e+12
4.51376404003e+12
4.51376404003e+12
4.51376404003e+12
4.51376404003e+12
4.51376404003e+12
4.51376404003e+12
4.51376404003e+12
4.51376404003e+12
4.51376404003e+12
4.51376404003e+12
4.51376404002e+12
4.51376404002e+12
4.51376404002e+12
4.51376404002e+12
4.51376404002e+12
4.51376404002e+12
4.51376404002e+12
4.51376404002e+12
4.51376404002e+12
4.51376404002e+12
4.51376404002e+12
4.51376404002e+12
4.51376404002e+12
4.51376404002e+12
4.51376404002e+12
4.51376404002e+12
4.51376404002e+12
4.51376404002e+12
4.51376404002e+12
4.51376404002e+12
4.51376404002e+12
4.51376404002e+12
4.51376404002e+12
4.51376404002e+12
4.51376404002e+12
4.51376404002e+12
4.51376404002e+12
4.51376404002e+12
4.51376404002e+12
4.51376404002e+12
4.51376404002e+12
4.51376404002e+12
4.51376404002e+12
4.51376404002e+12
4.51376404002e+12
4.51376404002e+12
4.51376404002e+12
4.51376404002e+12
4.51376404002e+12
4.51376404002e+12
4.51376404002e+12
4.51376404002e+12
4.51376404002e+12
4.51376404002e+12
4.51376404002e+12
4.51376404002e+12
4.51376404002e+12
4.51376404002e+12
4.51376404002e+12
4.51376404002e+12
4.51376404002e+12
4.51376404002e+12
4.51376404002e+12
4.51376404002e+12
4.51376404002e+12
4.51376404002e+12
4.51376404002e+12
4.51376404002e+12
4.51376404002e+12
4.51376404002e+12
4.51376404002e+12
4.51376404002e+12
4.51376404002e+12
4.51376404002e+12
4.51376404002e+12
4.51376404002e+12
4.51376404002e+12
4.51376404002e+12
4.51376404002e+12
4.51376404002e+12
4.51376404002e+12
4.51376404002e+12
4.51376404002e+12
4.51376404002e+12
4.51376404002e+12
4.51376404002e+12
4.51376404002e+12
4.51376404002e+12
4.51376404002e+12
4.51376404002e+12
4.51376404002e+12
4.51376404002e+12
4.51376404002e+12
4.51376404002e+12
4.51376404002e+12
4.51376404002e+12
4.51376404002e+12
4.51376404002e+12
4.51376404002e+12
4.51376404002e+12
4.51376404002e+12
4.51376404002e+12
4.51376404002e+12
4.51376404002e+12
4.51376404002e+12
4.51376404001e+12
4.51376404001e+12
4.51376404001e+12
4.51376404001e+12
4.51376404001e+12
4.51376404001e+12
4.51376404001e+12
4.51376404001e+12
4.51376404001e+12
4.51376404001e+12
4.51376404001e+12
4.51376404001e+12
4.51376404001e+12
4.51376404001e+12
4.51376404001e+12
4.51376404001e+12
4.51376404001e+12
4.51376404001e+12
4.51376404001e+12
4.51376404001e+12
4.51376404001e+12
4.51376404001e+12
4.51376404001e+12
4.51376404001e+12
4.51376404001e+12
4.51376404001e+12
4.51376404001e+12
4.51376404001e+12
4.51376404001e+12
4.51376404001e+12
4.51376404001e+12
4.51376404001e+12
4.51376404001e+12
4.51376404001e+12
4.51376404001e+12
4.51376404001e+12
4.51376404001e+12
4.51376404001e+12
4.51376404001e+12
4.51376404001e+12
4.51376404001e+12
4.51376404001e+12
4.51376404001e+12
4.51376404001e+12
4.51376404001e+12
4.51376404001e+12
4.51376404001e+12
4.51376404001e+12
4.51376404001e+12
4.51376404001e+12
4.51376404001e+12
4.51376404001e+12
4.51376404001e+12
4.51376404001e+12
4.51376404001e+12
4.51376404001e+12
4.51376404001e+12
4.51376404001e+12
4.51376404001e+12
4.51376404001e+12
4.51376404001e+12
4.51376404001e+12
4.51376404001e+12
4.51376404001e+12
4.51376404001e+12
4.51376404001e+12
4.51376404001e+12
4.51376404001e+12
4.51376404001e+12
4.51376404001e+12
4.51376404001e+12
4.51376404001e+12
4.51376404001e+12
4.51376404001e+12
4.51376404001e+12
4.51376404001e+12
4.51376404001e+12
4.51376404001e+12
4.51376404001e+12
4.51376404001e+12
4.51376404001e+12
4.51376404001e+12
4.51376404001e+12
4.51376404001e+12
4.51376404001e+12
4.51376404001e+12
4.51376404001e+12
4.51376404001e+12
4.51376404001e+12
4.51376404001e+12
4.51376404001e+12
4.51376404001e+12
4.51376404001e+12
4.51376404001e+12
4.51376404001e+12
4.51376404001e+12
4.51376404001e+12
4.51376404001e+12
4.51376404001e+12
4.51376404001e+12
4.51376404001e+12
4.51376404001e+12
4.51376404001e+12
4.51376404001e+12
4.51376404001e+12
4.51376404001e+12
4.51376404001e+12
4.51376404001e+12
4.51376404001e+12
4.51376404001e+12
4.51376404001e+12
4.51376404001e+12
4.51376404001e+12
4.51376404001e+12
4.51376404001e+12
4.51376404001e+12
4.51376404001e+12
4.51376404001e+12
4.51376404001e+12
4.51376404001e+12
4.51376404001e+12
4.51376404001e+12
4.51376404001e+12
4.51376404001e+12
4.51376404001e+12
4.51376404001e+12
4.51376404001e+12
4.51376404001e+12
4.51376404001e+12
4.51376404001e+12
4.51376404001e+12
4.51376404001e+12
4.51376404001e+12
4.51376404001e+12
4.51376404001e+12
4.51376404001e+12
4.51376404001e+12
4.51376404001e+12
4.51376404001e+12
4.51376404001e+12
4.51376404001e+12
4.51376404001e+12
4.51376404001e+12
4.51376404001e+12
4.51376404001e+12
4.51376404001e+12
4.51376404001e+12
4.51376404001e+12
4.51376404001e+12
4.51376404001e+12
4.51376404001e+12
4.51376404001e+12
4.51376404001e+12
4.51376404001e+12
4.51376404001e+12
4.51376404001e+12
4.51376404001e+12
4.51376404001e+12
4.51376404001e+12
4.51376404001e+12
4.51376404001e+12
4.51376404001e+12
4.51376404001e+12
4.51376404001e+12
4.51376404001e+12
4.51376404001e+12
4.51376404001e+12
4.51376404001e+12
4.51376404001e+12
4.51376404001e+12
4.51376404001e+12
4.51376404001e+12
4.51376404001e+12
4.51376404001e+12
4.51376404001e+12
4.51376404001e+12
4.51376404001e+12
4.51376404001e+12
4.51376404001e+12
4.51376404001e+12
4.51376404001e+12
4.51376404001e+12
4.51376404001e+12
4.51376404001e+12
4.51376404001e+12
4.51376404001e+12
4.51376404001e+12
4.51376404001e+12
4.51376404001e+12
4.51376404001e+12
4.51376404001e+12
4.51376404001e+12
4.51376404001e+12
4.51376404001e+12
4.51376404001e+12
4.51376404001e+12
4.51376404001e+12
4.51376404001e+12
4.51376404001e+12
4.51376404001e+12
4.51376404001e+12
4.51376404001e+12
4.51376404001e+12
4.51376404001e+12
4.51376404001e+12
4.51376404001e+12
4.51376404001e+12
4.51376404001e+12
4.51376404001e+12
4.51376404001e+12
4.51376404001e+12
4.51376404001e+12
4.51376404001e+12
4.51376404001e+12
4.51376404001e+12
4.51376404001e+12
4.51376404001e+12
4.51376404001e+12
4.51376404001e+12
4.51376404001e+12
4.51376404001e+12
4.51376404001e+12
4.51376404001e+12
4.51376404001e+12
4.51376404001e+12
4.51376404001e+12
4.51376404001e+12
4.51376404001e+12
4.51376404001e+12
4.51376404001e+12
4.51376404001e+12
4.51376404001e+12
4.51376404001e+12
4.51376404001e+12
4.51376404001e+12
4.51376404001e+12
4.51376404001e+12
4.51376404001e+12
4.51376404001e+12
4.51376404001e+12
4.51376404001e+12
4.51376404001e+12
4.51376404001e+12
4.51376404001e+12
4.51376404001e+12
4.51376404001e+12
4.51376404001e+12
4.51376404001e+12
4.51376404001e+12
4.51376404001e+12
4.51376404001e+12
4.51376404001e+12
4.51376404001e+12
4.51376404001e+12
4.51376404001e+12
4.51376404001e+12
4.51376404001e+12
4.51376404001e+12
4.51376404001e+12
4.51376404001e+12
4.51376404001e+12
4.51376404001e+12
4.51376404001e+12
4.51376404001e+12
4.51376404001e+12
4.51376404001e+12
4.51376404001e+12
4.51376404001e+12
4.51376404001e+12
4.51376404001e+12
4.51376404001e+12
4.51376404001e+12
4.51376404001e+12
4.51376404001e+12
4.51376404001e+12
4.51376404001e+12
4.51376404001e+12
4.51376404001e+12
4.51376404001e+12
4.51376404001e+12
4.51376404001e+12
4.51376404001e+12
4.51376404001e+12
4.51376404001e+12
4.51376404001e+12
4.51376404001e+12
4.51376404001e+12
4.51376404001e+12
4.51376404001e+12
4.51376404001e+12
4.51376404001e+12
4.51376404001e+12
4.51376404001e+12
4.51376404001e+12
4.51376404001e+12
4.51376404001e+12
4.51376404001e+12
4.51376404001e+12
4.51376404001e+12
4.51376404001e+12
4.51376404001e+12
4.51376404001e+12
4.51376404001e+12
4.51376404001e+12
4.51376404001e+12
4.51376404001e+12
4.51376404001e+12
4.51376404001e+12
4.51376404001e+12
4.51376404001e+12
4.51376404001e+12
4.51376404001e+12
4.51376404001e+12
4.51376404e+12
4.51376404e+12
4.51376404e+12
4.51376404e+12
4.51376404e+12
4.51376404e+12
4.51376404e+12
4.51376404e+12
4.51376404e+12
4.51376404e+12
4.51376404e+12
4.51376404e+12
4.51376404e+12
4.51376404e+12
4.51376404e+12
4.51376404e+12
4.51376404e+12
4.51376404e+12
4.51376404e+12
4.51376404e+12
4.51376404e+12
4.51376404e+12
4.51376404e+12
4.51376404e+12
4.51376404e+12
4.51376404e+12
4.51376404e+12
4.51376404e+12
4.51376404e+12
4.51376404e+12
4.51376404e+12
4.51376404e+12
4.51376404e+12
4.51376404e+12
4.51376404e+12
4.51376404e+12
4.51376404e+12
4.51376404e+12
4.51376404e+12
4.51376404e+12
4.51376404e+12
4.51376404e+12
4.51376404e+12
4.51376404e+12
4.51376404e+12
4.51376404e+12
4.51376404e+12
4.51376404e+12
4.51376404e+12
4.51376404e+12
4.51376404e+12
4.51376404e+12
4.51376404e+12
4.51376404e+12
4.51376404e+12
4.51376404e+12
4.51376404e+12
4.51376404e+12
4.51376404e+12
4.51376404e+12
4.51376404e+12
4.51376404e+12
4.51376404e+12
4.51376404e+12
4.51376404e+12
4.51376404e+12
4.51376404e+12
4.51376404e+12
4.51376404e+12
4.51376404e+12
4.51376404e+12
4.51376404e+12
4.51376404e+12
4.51376404e+12
4.51376404e+12
4.51376404e+12
4.51376404e+12
4.51376404e+12
4.51376404e+12
4.51376404e+12
4.51376404e+12
4.51376404e+12
4.51376404e+12
4.51376404e+12
4.51376404e+12
4.51376404e+12
4.51376404e+12
4.51376404e+12
4.51376404e+12
4.51376404e+12
4.51376404e+12
4.51376404e+12
4.51376404e+12
4.51376404e+12
4.51376404e+12
4.51376404e+12
4.51376404e+12
4.51376404e+12
4.51376404e+12
4.51376404e+12
4.51376404e+12
4.51376404e+12
4.51376404e+12
4.51376404e+12
4.51376404e+12
4.51376404e+12
4.51376404e+12
4.51376404e+12
4.51376404e+12
4.51376404e+12
4.51376404e+12
4.51376404e+12
4.51376404e+12
4.51376404e+12
4.51376404e+12
4.51376404e+12
4.51376404e+12
4.51376404e+12
4.51376404e+12
4.51376404e+12
4.51376404e+12
4.51376404e+12
4.51376404e+12
4.51376404e+12
4.51376404e+12
4.51376404e+12
4.51376404e+12
4.51376404e+12
4.51376404e+12
4.51376404e+12
4.51376404e+12
4.51376404e+12
4.51376404e+12
4.51376404e+12
4.51376404e+12
4.51376404e+12
4.51376404e+12
4.51376404e+12
4.51376404e+12
4.51376404e+12
4.51376404e+12
4.51376404e+12
4.51376404e+12
4.51376404e+12
4.51376404e+12
4.51376404e+12
4.51376404e+12
4.51376404e+12
4.51376404e+12
4.51376404e+12
4.51376404e+12
4.51376404e+12
4.51376404e+12
4.51376404e+12
4.51376404e+12
4.51376404e+12
4.51376404e+12
4.51376404e+12
4.51376404e+12
4.51376404e+12
4.51376404e+12
4.51376404e+12
4.51376404e+12
4.51376404e+12
4.51376404e+12
4.51376404e+12
4.51376404e+12
4.51376404e+12
4.51376404e+12
4.51376404e+12
4.51376404e+12
4.51376404e+12
4.51376404e+12
4.51376404e+12
4.51376404e+12
4.51376404e+12
4.51376404e+12
4.51376404e+12
4.51376404e+12
4.51376404e+12
4.51376404e+12
4.51376404e+12
4.51376404e+12
4.51376404e+12
4.51376404e+12
4.51376404e+12
4.51376404e+12
4.51376404e+12
4.51376404e+12
4.51376404e+12
4.51376404e+12
4.51376404e+12
4.51376404e+12
4.51376404e+12
4.51376404e+12
4.51376404e+12
4.51376404e+12
4.51376404e+12
4.51376404e+12
4.51376404e+12
4.51376404e+12
4.51376404e+12
4.51376404e+12
4.51376404e+12
4.51376404e+12
4.51376404e+12
4.51376404e+12
4.51376404e+12
4.51376404e+12
4.51376404e+12
4.51376404e+12
4.51376404e+12
4.51376404e+12
4.51376404e+12
4.51376404e+12
4.51376404e+12
4.51376404e+12
4.51376404e+12
4.51376404e+12
4.51376404e+12
4.51376404e+12
4.51376404e+12
4.51376404e+12
4.51376404e+12
4.51376404e+12
4.51376404e+12
4.51376404e+12
4.51376404e+12
4.51376404e+12
4.51376404e+12
4.51376404e+12
4.51376404e+12
4.51376404e+12
4.51376404e+12
4.51376404e+12
4.51376404e+12
4.51376404e+12
4.51376404e+12
4.51376404e+12
4.51376404e+12
4.51376404e+12
4.51376404e+12
4.51376404e+12
4.51376404e+12
4.51376404e+12
4.51376404e+12
4.51376404e+12
4.51376404e+12
4.51376404e+12
4.51376404e+12
4.51376404e+12
4.51376404e+12
4.51376404e+12
4.51376404e+12
4.51376404e+12
4.51376404e+12
4.51376404e+12
4.51376404e+12
4.51376404e+12
4.51376404e+12
4.51376404e+12
4.51376404e+12
4.51376404e+12
4.51376404e+12
4.51376404e+12
4.51376404e+12
4.51376404e+12
4.51376404e+12
4.51376404e+12
4.51376404e+12
4.51376404e+12
4.51376404e+12
4.51376404e+12
4.51376404e+12
4.51376404e+12
4.51376404e+12
4.51376404e+12
4.51376404e+12
4.51376404e+12
4.51376404e+12
4.51376404e+12
4.51376404e+12
4.51376404e+12
4.51376404e+12
4.51376404e+12
4.51376404e+12
4.51376404e+12
4.51376404e+12
4.51376404e+12
4.51376404e+12
4.51376404e+12
4.51376404e+12
4.51376404e+12
4.51376404e+12
4.51376404e+12
4.51376404e+12
4.51376404e+12
4.51376404e+12
4.51376404e+12
4.51376404e+12
4.51376404e+12
4.51376404e+12
4.51376404e+12
4.51376404e+12
4.51376404e+12
4.51376404e+12
4.51376404e+12
4.51376404e+12
4.51376404e+12
4.51376404e+12
4.51376404e+12
4.51376404e+12
4.51376404e+12
4.51376404e+12
4.51376404e+12
4.51376404e+12
4.51376404e+12
4.51376404e+12
4.51376404e+12
4.51376404e+12
4.51376404e+12
4.51376404e+12
4.51376404e+12
4.51376404e+12
4.51376404e+12
4.51376404e+12
4.51376404e+12
4.51376404e+12
4.51376404e+12
4.51376404e+12
4.51376404e+12
4.51376404e+12
4.51376404e+12
4.51376404e+12
4.51376404e+12
4.51376404e+12
4.51376404e+12
4.51376404e+12
4.51376404e+12
4.51376404e+12
4.51376404e+12
4.51376404e+12
4.51376404e+12
4.51376404e+12
4.51376404e+12
4.51376404e+12
4.51376404e+12
4.51376404e+12
4.51376404e+12
4.51376404e+12
4.51376404e+12
4.51376404e+12
4.51376404e+12
4.51376404e+12
4.51376404e+12
4.51376404e+12
4.51376404e+12
4.51376404e+12
4.51376404e+12
4.51376404e+12
4.51376404e+12
4.51376404e+12
4.51376404e+12
4.51376404e+12
4.51376404e+12
4.51376404e+12
4.51376404e+12
4.51376404e+12
4.51376404e+12
4.51376404e+12
4.51376404e+12
4.51376404e+12
4.51376404e+12
4.51376404e+12
4.51376404e+12
4.51376404e+12
4.51376404e+12
4.51376404e+12
4.51376404e+12
4.51376404e+12
4.51376404e+12
4.51376404e+12
4.51376404e+12
4.51376404e+12
4.51376404e+12
4.51376404e+12
4.51376404e+12
4.51376404e+12
4.51376404e+12
4.51376404e+12
4.51376404e+12
4.51376404e+12
4.51376404e+12
4.51376404e+12
4.51376404e+12
4.51376404e+12
4.51376404e+12
4.51376404e+12
4.51376404e+12
4.51376404e+12
4.51376404e+12
4.51376404e+12
4.51376404e+12
4.51376404e+12
4.51376404e+12
4.51376404e+12
4.51376404e+12
4.51376404e+12
4.51376404e+12
4.51376404e+12
4.51376404e+12
4.51376404e+12
4.51376404e+12
4.51376404e+12
4.51376404e+12
4.51376404e+12
4.51376404e+12
4.51376404e+12
4.51376404e+12
4.51376404e+12
4.51376404e+12
4.51376404e+12
4.51376404e+12
4.51376404e+12
4.51376404e+12
4.51376404e+12
4.51376404e+12
4.51376404e+12
4.51376404e+12
4.51376404e+12
4.51376404e+12
4.51376404e+12
4.51376404e+12
4.51376404e+12
4.51376404e+12
4.51376404e+12
4.51376404e+12
4.51376404e+12
4.51376404e+12
4.51376404e+12
4.51376404e+12
4.51376404e+12
4.51376404e+12
4.51376404e+12
4.51376404e+12
4.51376404e+12
4.51376404e+12
4.51376404e+12
4.51376404e+12
4.51376404e+12
4.51376404e+12
4.51376404e+12
4.51376404e+12
4.51376404e+12
4.51376404e+12
4.51376404e+12
4.51376404e+12
4.51376404e+12
4.51376404e+12
4.51376404e+12
4.51376404e+12
4.51376404e+12
4.51376404e+12
4.51376404e+12
4.51376404e+12
4.51376404e+12
4.51376404e+12
4.51376404e+12
4.51376404e+12
4.51376404e+12
4.51376404e+12
4.51376404e+12
4.51376404e+12
4.51376404e+12
4.51376404e+12
4.51376404e+12
4.51376404e+12
4.51376404e+12
4.51376404e+12
4.51376404e+12
4.51376404e+12
4.51376404e+12
4.51376404e+12
4.51376404e+12
4.51376404e+12
4.51376404e+12
4.51376404e+12
4.51376404e+12
4.51376404e+12
4.51376404e+12
4.51376404e+12
4.51376404e+12
4.51376404e+12
4.51376404e+12
4.51376404e+12
4.51376404e+12
4.51376404e+12
4.51376404e+12
4.51376404e+12
4.51376404e+12
4.51376404e+12
4.51376404e+12
4.51376404e+12
4.51376404e+12
4.51376404e+12
4.51376404e+12
4.51376404e+12
4.51376404e+12
4.51376404e+12
4.51376404e+12
4.51376404e+12
4.51376404e+12
4.51376404e+12
4.51376404e+12
4.51376404e+12
4.51376404e+12
4.51376404e+12
4.51376404e+12
4.51376404e+12
4.51376404e+12
4.51376404e+12
4.51376404e+12
4.51376404e+12
4.51376404e+12
4.51376404e+12
4.51376404e+12
4.51376404e+12
4.51376404e+12
4.51376404e+12
4.51376404e+12
4.51376404e+12
4.51376404e+12
4.51376404e+12
4.51376404e+12
4.51376404e+12
4.51376404e+12
4.51376404e+12
4.51376404e+12
4.51376404e+12
4.51376404e+12
4.51376404e+12
4.51376404e+12
4.51376404e+12
4.51376404e+12
4.51376404e+12
4.51376404e+12
4.51376404e+12
4.51376404e+12
4.51376404e+12
4.51376404e+12
4.51376404e+12
4.51376404e+12
4.51376404e+12
4.51376404e+12
4.51376404e+12
4.51376404e+12
4.51376404e+12
4.51376404e+12
4.51376404e+12
4.51376404e+12
4.51376404e+12
4.51376404e+12
4.51376404e+12
4.51376404e+12
4.51376404e+12
4.51376404e+12
4.51376404e+12
4.51376404e+12
4.51376404e+12
4.51376404e+12
4.51376404e+12
4.51376404e+12
4.51376404e+12
4.51376404e+12
4.51376404e+12
4.51376404e+12
4.51376404e+12
4.51376404e+12
4.51376404e+12
4.51376404e+12
4.51376404e+12
4.51376404e+12
4.51376404e+12
4.51376404e+12
4.51376404e+12
4.51376404e+12
4.51376404e+12
4.51376404e+12
4.51376404e+12
4.51376404e+12
4.51376404e+12
4.51376404e+12
4.51376404e+12
4.51376404e+12
4.51376404e+12
4.51376404e+12
4.51376404e+12
4.51376404e+12
4.51376404e+12
4.51376404e+12
4.51376404e+12
4.51376404e+12
4.51376404e+12
4.51376404e+12
4.51376404e+12
4.51376404e+12
4.51376404e+12
4.51376404e+12
4.51376404e+12
4.51376404e+12
4.51376404e+12
4.51376404e+12
4.51376404e+12
4.51376404e+12
4.51376404e+12
4.51376404e+12
4.51376404e+12
4.51376404e+12
4.51376404e+12
4.51376404e+12
4.51376404e+12
4.51376404e+12
4.51376404e+12
4.51376404e+12
4.51376404e+12
4.51376404e+12
4.51376404e+12
4.51376404e+12
4.51376404e+12
4.51376404e+12
4.51376404e+12
4.51376404e+12
4.51376404e+12
4.51376404e+12
4.51376404e+12
4.51376404e+12
4.51376404e+12
4.51376404e+12
4.51376404e+12
4.51376404e+12
4.51376404e+12
4.51376404e+12
4.51376404e+12
4.51376404e+12
4.51376404e+12
4.51376404e+12
4.51376404e+12
4.51376404e+12
4.51376404e+12
4.51376404e+12
4.51376404e+12
4.51376404e+12
4.51376404e+12
4.51376404e+12
4.51376404e+12
4.51376404e+12
4.51376404e+12
4.51376404e+12
4.51376404e+12
4.51376404e+12
4.51376404e+12
4.51376404e+12
4.51376404e+12
4.51376404e+12
4.51376404e+12
4.51376404e+12
4.51376404e+12
4.51376404e+12
4.51376404e+12
4.51376404e+12
4.51376404e+12
4.51376404e+12
4.51376404e+12
4.51376404e+12
4.51376404e+12
4.51376404e+12
4.51376404e+12
4.51376404e+12
4.51376404e+12
4.51376404e+12
4.51376404e+12
4.51376404e+12
4.51376404e+12
4.51376404e+12
4.51376404e+12
4.51376404e+12
4.51376404e+12
4.51376404e+12
4.51376404e+12
4.51376404e+12
4.51376404e+12
4.51376404e+12
4.51376404e+12
4.51376404e+12
4.51376404e+12
4.51376404e+12
4.51376404e+12
4.51376404e+12
4.51376404e+12
4.51376404e+12
4.51376404e+12
4.51376404e+12
4.51376404e+12
4.51376404e+12
4.51376404e+12
4.51376404e+12
4.51376404e+12
4.51376404e+12
4.51376404e+12
4.51376404e+12
4.51376404e+12
4.51376404e+12
4.51376404e+12
4.51376404e+12
4.51376404e+12
4.51376404e+12
4.51376404e+12
4.51376404e+12
4.51376404e+12
4.51376404e+12
4.51376404e+12
4.51376404e+12
4.51376404e+12
4.51376404e+12
4.51376404e+12
4.51376404e+12
4.51376404e+12
4.51376404e+12
4.51376404e+12
4.51376404e+12
4.51376404e+12
4.51376404e+12
4.51376404e+12
4.51376404e+12
4.51376404e+12
4.51376404e+12
4.51376404e+12
4.51376404e+12
4.51376404e+12
4.51376404e+12
4.51376404e+12
4.51376404e+12
4.51376404e+12
4.51376404e+12
4.51376404e+12
4.51376404e+12
4.51376404e+12
4.51376404e+12
4.51376404e+12
4.51376404e+12
4.51376404e+12
4.51376404e+12
4.51376404e+12
4.51376404e+12
4.51376404e+12
4.51376404e+12
4.51376404e+12
4.51376404e+12
4.51376404e+12
4.51376404e+12
4.51376404e+12
4.51376404e+12
4.51376404e+12
4.51376404e+12
4.51376404e+12
4.51376404e+12
4.51376404e+12
4.51376404e+12
4.51376404e+12
4.51376404e+12
4.51376404e+12
4.51376404e+12
4.51376404e+12
4.51376404e+12
4.51376404e+12
4.51376404e+12
4.51376404e+12
4.51376404e+12
4.51376404e+12
4.51376404e+12
4.51376404e+12
4.51376404e+12
4.51376404e+12
4.51376404e+12
4.51376404e+12
4.51376404e+12
4.51376404e+12
4.51376404e+12
4.51376404e+12
4.51376404e+12
4.51376404e+12
4.51376404e+12
4.51376404e+12
4.51376404e+12
4.51376404e+12
4.51376404e+12
4.51376404e+12
4.51376404e+12
4.51376404e+12
4.51376404e+12
4.51376404e+12
4.51376404e+12
4.51376404e+12
4.51376404e+12
4.51376404e+12
4.51376404e+12
4.51376404e+12
4.51376404e+12
4.51376404e+12
4.51376404e+12
4.51376404e+12
4.51376404e+12
4.51376404e+12
4.51376404e+12
4.51376404e+12
4.51376404e+12
4.51376404e+12
4.51376404e+12
4.51376404e+12
4.51376404e+12
4.51376404e+12
4.51376404e+12
4.51376404e+12
4.51376404e+12
4.51376404e+12
4.51376404e+12
4.51376404e+12
4.51376404e+12
4.51376404e+12
4.51376404e+12
4.51376404e+12
4.51376404e+12
4.51376404e+12
4.51376404e+12
4.51376404e+12
4.51376404e+12
4.51376404e+12
4.51376404e+12
4.51376404e+12
4.51376404e+12
4.51376404e+12
4.51376404e+12
4.51376404e+12
4.51376404e+12
4.51376404e+12
4.51376404e+12
4.51376404e+12
4.51376404e+12
4.51376404e+12
4.51376404e+12
4.51376404e+12
4.51376404e+12
4.51376404e+12
4.51376404e+12
4.51376404e+12
4.51376404e+12
4.51376404e+12
4.51376404e+12
4.51376404e+12
4.51376404e+12
4.51376404e+12
4.51376404e+12
4.51376404e+12
4.51376404e+12
4.51376404e+12
4.51376404e+12
4.51376404e+12
4.51376404e+12
4.51376404e+12
4.51376404e+12
4.51376404e+12
4.51376404e+12
4.51376404e+12
4.51376404e+12
4.51376404e+12
4.51376404e+12
4.51376404e+12
4.51376404e+12
4.51376404e+12
4.51376404e+12
4.51376404e+12
4.51376404e+12
4.51376404e+12
4.51376404e+12
4.51376404e+12
4.51376404e+12
4.51376404e+12
4.51376404e+12
4.51376404e+12
4.51376404e+12
4.51376404e+12
4.51376404e+12
4.51376404e+12
4.51376404e+12
4.51376404e+12
4.51376404e+12
4.51376404e+12
4.51376404e+12
4.51376404e+12
4.51376404e+12
4.51376404e+12
4.51376404e+12
4.51376404e+12
4.51376404e+12
4.51376404e+12
4.51376404e+12
4.51376404e+12
4.51376404e+12
4.51376404e+12
4.51376404e+12
4.51376404e+12
4.51376404e+12
4.51376404e+12
4.51376404e+12
4.51376404e+12
4.51376404e+12
4.51376404e+12
4.51376404e+12
4.51376404e+12
4.51376404e+12
4.51376404e+12
4.51376404e+12
4.51376404e+12
4.51376404e+12
4.51376404e+12
4.51376404e+12
4.51376404e+12
4.51376404e+12
4.51376404e+12
4.51376404e+12
4.51376404e+12
4.51376404e+12
4.51376404e+12
4.51376404e+12
4.51376404e+12
4.51376404e+12
4.51376404e+12
4.51376404e+12
4.51376404e+12
4.51376404e+12
4.51376404e+12
4.51376404e+12
4.51376404e+12
4.51376404e+12
4.51376404e+12
4.51376404e+12
4.51376404e+12
4.51376404e+12
4.51376404e+12
4.51376404e+12
4.51376404e+12
4.51376404e+12
4.51376404e+12
4.51376404e+12
4.51376404e+12
4.51376404e+12
4.51376404e+12
4.51376404e+12
4.51376404e+12
4.51376404e+12
4.51376404e+12
4.51376404e+12
4.51376404e+12
4.51376404e+12
4.51376404e+12
4.51376404e+12
4.51376404e+12
4.51376404e+12
4.51376404e+12
4.51376404e+12
4.51376404e+12
4.51376404e+12
4.51376404e+12
4.51376404e+12
4.51376404e+12
4.51376404e+12
4.51376404e+12
4.51376404e+12
4.51376404e+12
4.51376404e+12
4.51376404e+12
4.51376404e+12
4.51376404e+12
4.51376404e+12
4.51376404e+12
4.51376404e+12
4.51376404e+12
4.51376404e+12
4.51376404e+12
4.51376404e+12
4.51376404e+12
4.51376404e+12
4.51376404e+12
4.51376404e+12
4.51376404e+12
4.51376404e+12
4.51376404e+12
4.51376404e+12
4.51376404e+12
4.51376404e+12
4.51376404e+12
4.51376404e+12
4.51376404e+12
4.51376404e+12
4.51376404e+12
4.51376404e+12
4.51376404e+12
4.51376404e+12
4.51376404e+12
4.51376404e+12
4.51376404e+12
4.51376404e+12
4.51376404e+12
4.51376404e+12
4.51376404e+12
4.51376404e+12
4.51376404e+12
4.51376404e+12
4.51376404e+12
4.51376404e+12
4.51376404e+12
4.51376404e+12
4.51376404e+12
4.51376404e+12
4.51376404e+12
4.51376404e+12
4.51376404e+12
4.51376404e+12
4.51376404e+12
4.51376404e+12
4.51376404e+12
4.51376404e+12
4.51376404e+12
4.51376404e+12
4.51376404e+12
4.51376404e+12
4.51376404e+12
4.51376404e+12
4.51376404e+12
4.51376404e+12
4.51376404e+12
4.51376404e+12
4.51376404e+12
4.51376404e+12
4.51376404e+12
4.51376404e+12
4.51376404e+12
4.51376404e+12
4.51376404e+12
4.51376404e+12
4.51376404e+12
4.51376404e+12
4.51376404e+12
4.51376404e+12
4.51376404e+12
4.51376404e+12
4.51376404e+12
4.51376404e+12
4.51376404e+12
4.51376404e+12
4.51376404e+12
4.51376404e+12
4.51376404e+12
4.51376404e+12
4.51376404e+12
4.51376404e+12
4.51376404e+12
4.51376404e+12
4.51376404e+12
4.51376404e+12
4.51376404e+12
4.51376404e+12
4.51376404e+12
4.51376404e+12
4.51376404e+12
4.51376404e+12
4.51376404e+12
4.51376404e+12
4.51376404e+12
4.51376404e+12
4.51376404e+12
4.51376404e+12
4.51376404e+12
4.51376404e+12
4.51376404e+12
4.51376404e+12
4.51376404e+12
4.51376404e+12
4.51376404e+12
4.51376404e+12
4.51376404e+12
4.51376404e+12
4.51376404e+12
4.51376404e+12
4.51376404e+12
4.51376404e+12
4.51376404e+12
4.51376404e+12
4.51376404e+12
4.51376404e+12
4.51376404e+12
4.51376404e+12
4.51376404e+12
4.51376404e+12
4.51376404e+12
4.51376404e+12
4.51376404e+12
4.51376404e+12
4.51376404e+12
4.51376404e+12
4.51376404e+12
4.51376404e+12
4.51376404e+12
4.51376404e+12
4.51376404e+12
4.51376404e+12
4.51376404e+12
4.51376404e+12
4.51376404e+12
4.51376404e+12
4.51376404e+12
4.51376404e+12
4.51376404e+12
4.51376404e+12
4.51376404e+12
4.51376404e+12
4.51376404e+12
4.51376404e+12
4.51376404e+12
4.51376404e+12
4.51376404e+12
4.51376404e+12
4.51376404e+12
4.51376404e+12
4.51376404e+12
4.51376404e+12
4.51376404e+12
4.51376404e+12
4.51376404e+12
4.51376404e+12
4.51376404e+12
4.51376404e+12
4.51376404e+12
4.51376404e+12
4.51376404e+12
4.51376404e+12
4.51376404e+12
4.51376404e+12
4.51376404e+12
4.51376404e+12
4.51376404e+12
4.51376404e+12
4.51376404e+12
4.51376404e+12
4.51376404e+12
4.51376404e+12
4.51376404e+12
4.51376404e+12
4.51376404e+12
4.51376404e+12
4.51376404e+12
4.51376404e+12
4.51376404e+12
4.51376404e+12
4.51376404e+12
4.51376404e+12
4.51376404e+12
4.51376404e+12
4.51376404e+12
4.51376404e+12
4.51376404e+12
4.51376404e+12
4.51376404e+12
4.51376404e+12
4.51376404e+12
4.51376404e+12
4.51376404e+12
4.51376404e+12
4.51376404e+12
4.51376404e+12
4.51376404e+12
4.51376404e+12
4.51376404e+12
4.51376404e+12
4.51376404e+12
4.51376404e+12
4.51376404e+12
4.51376404e+12
4.51376404e+12
4.51376404e+12
4.51376404e+12
4.51376404e+12
4.51376404e+12
4.51376404e+12
4.51376404e+12
4.51376404e+12
4.51376404e+12
4.51376404e+12
4.51376404e+12
4.51376404e+12
4.51376404e+12
4.51376404e+12
4.51376404e+12
4.51376404e+12
4.51376404e+12
4.51376404e+12
4.51376404e+12
4.51376404e+12
4.51376404e+12
4.51376404e+12
4.51376404e+12
4.51376404e+12
4.51376404e+12
4.51376404e+12
4.51376404e+12
4.51376404e+12
4.51376404e+12
4.51376404e+12
4.51376404e+12
4.51376404e+12
4.51376404e+12
4.51376404e+12
4.51376404e+12
4.51376404e+12
4.51376404e+12
4.51376404e+12
4.51376404e+12
4.51376404e+12
4.51376404e+12
4.51376404e+12
4.51376404e+12
4.51376404e+12
4.51376404e+12
4.51376404e+12
4.51376404e+12
4.51376404e+12
4.51376404e+12
4.51376404e+12
4.51376404e+12
4.51376404e+12
4.51376404e+12
4.51376404e+12
4.51376404e+12
4.51376404e+12
4.51376404e+12
4.51376404e+12
4.51376404e+12
4.51376404e+12
4.51376404e+12
4.51376404e+12
4.51376404e+12
4.51376404e+12
4.51376404e+12
4.51376404e+12
4.51376404e+12
4.51376404e+12
4.51376404e+12
4.51376404e+12
4.51376404e+12
4.51376404e+12
4.51376404e+12
4.51376404e+12
4.51376404e+12
4.51376404e+12
4.51376404e+12
4.51376404e+12
4.51376404e+12
4.51376404e+12
4.51376404e+12
4.51376404e+12
4.51376404e+12
4.51376404e+12
4.51376404e+12
4.51376404e+12
4.51376404e+12
4.51376404e+12
4.51376404e+12
4.51376404e+12
4.51376404e+12
4.51376404e+12
4.51376404e+12
4.51376404e+12
4.51376404e+12
4.51376404e+12
4.51376404e+12
4.51376404e+12
4.51376404e+12
4.51376404e+12
4.51376404e+12
4.51376404e+12
4.51376404e+12
4.51376404e+12
4.51376404e+12
4.51376404e+12
4.51376404e+12
4.51376404e+12
4.51376404e+12
4.51376404e+12
4.51376404e+12
4.51376404e+12
4.51376404e+12
4.51376404e+12
4.51376404e+12
4.51376404e+12
4.51376404e+12
4.51376404e+12
4.51376404e+12
4.51376404e+12
4.51376404e+12
4.51376404e+12
4.51376404e+12
4.51376404e+12
4.51376404e+12
4.51376404e+12
4.51376404e+12
4.51376404e+12
4.51376404e+12
4.51376404e+12
4.51376404e+12
4.51376404e+12
4.51376404e+12
4.51376404e+12
4.51376404e+12
4.51376404e+12
4.51376404e+12
4.51376404e+12
4.51376404e+12
4.51376404e+12
4.51376404e+12
4.51376404e+12
4.51376404e+12
4.51376404e+12
4.51376404e+12
4.51376404e+12
4.51376404e+12
4.51376404e+12
4.51376404e+12
4.51376404e+12
4.51376404e+12
4.51376404e+12
4.51376404e+12
4.51376404e+12
4.51376404e+12
4.51376404e+12
4.51376404e+12
4.51376404e+12
4.51376404e+12
4.51376404e+12
4.51376404e+12
4.51376404e+12
4.51376404e+12
4.51376404e+12
4.51376404e+12
4.51376404e+12
4.51376404e+12
4.51376404e+12
4.51376404e+12
4.51376404e+12
4.51376404e+12
4.51376404e+12
4.51376404e+12
4.51376404e+12
4.51376404e+12
4.51376404e+12
4.51376404e+12
4.51376404e+12
4.51376404e+12
4.51376404e+12
4.51376404e+12
4.51376404e+12
4.51376404e+12
4.51376404e+12
4.51376404e+12
4.51376404e+12
4.51376404e+12
4.51376404e+12
4.51376404e+12
4.51376404e+12
4.51376404e+12
4.51376404e+12
4.51376404e+12
4.51376404e+12
4.51376404e+12
4.51376404e+12
4.51376404e+12
4.51376404e+12
4.51376404e+12
4.51376404e+12
4.51376404e+12
4.51376404e+12
4.51376404e+12
4.51376404e+12
4.51376404e+12
4.51376404e+12
4.51376404e+12
4.51376404e+12
4.51376404e+12
4.51376404e+12
4.51376404e+12
4.51376404e+12
4.51376404e+12
4.51376404e+12
4.51376404e+12
4.51376404e+12
4.51376404e+12
4.51376404e+12
4.51376404e+12
4.51376404e+12
Reading data...

